% # columns="iteration, evaluation, min max(neg(.)) min(pos(.)) max correlation, correlation matrix principle axes lengths  (sorted square roots of eigenvalues of correlation matrix)", seed=390152, Wed Nov 25 20:57:00 2020
1 4 -0.03095933230790402 -0.009306451632183806 0.04118517753508434 0.07395284218585634 0.9588995827187893 0.9812507606207401 0.9969879260906395 0.9986131422480624 1.0613413222907555
2 8 -0.08814042746904054 -0.037500701037380534 0.08000719406480777 0.15189785413523224 0.9588995827187893 0.9812507606207401 0.9969879260906395 0.9986131422480624 1.0613413222907555
3 12 -0.11930980287413569 -0.06103329923161484 0.1189116098435375 0.20876971712587652 0.9588995827187893 0.9812507606207401 0.9969879260906395 0.9986131422480624 1.0613413222907555
4 16 -0.1712500227934849 -0.09956652557782325 0.1031052408750704 0.18840620373098985 0.9588995827187893 0.9812507606207401 0.9969879260906395 0.9986131422480624 1.0613413222907555
5 20 -0.1396566123083602 -0.11684959134496997 0.07380596511749386 0.21502813638738222 0.9588995827187893 0.9812507606207401 0.9969879260906395 0.9986131422480624 1.0613413222907555
6 24 -0.15266692476659546 -0.09008477940893245 0.12185562205931483 0.2764735063342922 0.8397333311725669 0.9354110275053349 0.956674749210121 0.9979721901922756 1.2282829779679532
7 28 -0.1547873489229158 -0.10201001627469139 0.14788928477527993 0.3049901550509891 0.8397333311725669 0.9354110275053349 0.956674749210121 0.9979721901922756 1.2282829779679532
8 32 -0.17645781615655162 -0.0925698188073872 0.08004969860267985 0.3420295561767273 0.8397333311725669 0.9354110275053349 0.956674749210121 0.9979721901922756 1.2282829779679532
9 36 -0.1674704787934315 -0.10622297549095705 0.0888458345310386 0.3736949385012406 0.8397333311725669 0.9354110275053349 0.956674749210121 0.9979721901922756 1.2282829779679532
