% # columns="iteration, evaluation, sigma, axis ratio, bestever, best, median, worst objective function value, further objective values of best", seed=115408, Wed Nov 11 00:46:12 2020, <python>{}</python>
1 10 0.43961669335239884 1.0000437509570452 61.77204850195367 6.1772048501953670e+01 360.0098396692444 1036.3657828029302   
2 20 0.3918516377662533 1.1743832880006968 61.77204850195367 6.8118391196484865e+01 261.679890530795 857.5854916099485   
3 30 0.3627038370690238 1.2068715803094994 53.15961995428947 5.3159619954289468e+01 172.24634287451107 349.2987048204804   
4 40 0.3421867378342948 1.2247170088278698 39.76513116247822 3.9765131162478220e+01 112.84774087443606 464.1833988391213   
5 50 0.32597332787791494 1.2856863397583438 32.22940403693642 3.2229404036936423e+01 114.30583673994904 242.36310479628722   
6 60 0.3066107529079716 1.3523257046547412 32.22940403693642 3.8690321317936537e+01 86.48822886207105 180.19499153459543   
7 70 0.29733060614162865 1.4318104901308146 25.539005308452715 2.5539005308452715e+01 143.77910445629993 213.1086474746949   
8 80 0.3014470609540928 1.5048055416620993 25.539005308452715 4.2302217934687881e+01 93.25599522472314 187.01471730680527   
9 90 0.2949015022998636 1.6436957225883557 25.539005308452715 7.9802776937133174e+01 120.76965613930177 221.47904409118155   
10 100 0.26125127798210246 1.7594127648556703 25.539005308452715 2.8272042179084746e+01 69.54974526260064 150.65422924240696   
11 110 0.24674901385030942 1.872476072044573 25.539005308452715 4.6520314860995789e+01 82.88515813304763 214.1514343664118   
12 120 0.22080783799399625 1.9324773101713904 25.539005308452715 2.9855528784635890e+01 65.25905099367013 105.99103369789064   
13 130 0.19418457661910338 1.9257872549492434 25.539005308452715 3.1800304485018994e+01 47.074250280253914 75.26915731295162   
14 140 0.1770124589139267 1.9331618063974425 25.539005308452715 3.0966642551544890e+01 43.45994214337456 95.53566614214272   
15 150 0.16593666497049395 1.906367677498242 25.539005308452715 2.8732477429697020e+01 36.16835011496989 80.76440364227307   
16 160 0.16131404065560723 1.9198789251204054 19.24128838378209 1.9241288383782091e+01 34.48478727107605 81.0037312394605   
17 170 0.1801598905935928 1.829264720607591 16.34920547640864 1.6349205476408638e+01 23.849973186972548 50.29302004471917   
18 180 0.17814114761174757 1.9395441590179028 13.271433225913444 1.3271433225913444e+01 28.024667333767372 86.86368160265388   
19 190 0.15958710465689102 1.9401834266650766 12.808508543416936 1.2808508543416936e+01 26.39701041911079 30.02575619020454   
20 200 0.15735428560083772 1.9337736983792944 10.354858167290892 1.0354858167290892e+01 20.288238735833865 22.339140959986175   
21 210 0.14979738150898472 2.0935530353009697 9.851238169557021 9.8512381695570213e+00 25.963042423842168 34.38949719051894   
22 220 0.15056796588391996 2.146681848435209 9.851238169557021 1.3163677466706604e+01 18.543722034997213 31.17577360166225   
23 230 0.14136413294708655 2.4571681646096537 9.851238169557021 1.1953429713774987e+01 21.328346206924014 46.86589459072857   
24 240 0.12414603898978845 2.6076725956769646 9.851238169557021 1.1132988160894625e+01 18.358283469140087 40.69508691566354   
25 250 0.10811752390753449 2.5925865289827152 8.548025447807026 8.5480254478070261e+00 16.94286942839537 28.81851784494493   
26 260 0.09365547461685696 2.5015230214005544 8.458678398938208 8.4586783989382077e+00 11.939071837709829 18.981141865843156   
27 270 0.07867316138784626 2.5104432204398917 8.458678398938208 9.3022303197079381e+00 11.035296932474552 14.567321604968589   
28 280 0.07059450715493387 2.537114791193664 8.458678398938208 8.6332506486830205e+00 9.81069233957668 11.405283796807433   
29 290 0.06411530971123838 2.468887719184536 7.9385718955435625 7.9385718955435625e+00 9.800264318609848 11.036786857730329   
30 300 0.06461131380044823 2.6051829996475573 7.9385718955435625 8.2615608732837948e+00 8.825740257093212 10.827857328285358   
31 310 0.06653225865854427 2.788162988500545 7.757367750353069 7.7573677503530689e+00 9.015104937696012 12.466063443760422   
32 320 0.06048461092063164 3.06505675859 7.757367750353069 8.0635130946420759e+00 9.069978781662712 10.095340266726854   
33 330 0.06167645533726936 3.1158428392766577 7.589237461172377 7.5892374611723774e+00 8.460733729236333 8.968170234198988   
34 340 0.05715896142223268 3.499815561706718 7.520521391229903 7.5205213912299032e+00 8.462453971505107 9.749903765617544   
35 350 0.05569684513309997 3.5640080146338615 7.520521391229903 7.6159493224121659e+00 8.195674321052216 9.04163316424566   
36 360 0.05193807714801681 3.73694374946704 7.3718754278580905 7.3718754278580905e+00 8.701430020091076 9.359548560510145   
37 370 0.047550691884335854 3.8641742429402117 7.3718754278580905 7.7397483530205822e+00 8.249489528453369 8.549681050355947   
38 380 0.04141639395749385 3.9785110230293754 7.3718754278580905 7.6547880975136815e+00 7.943134949929258 8.883178374768027   
39 390 0.04037286879329968 4.007453528394793 7.305683279136778 7.3056832791367778e+00 7.822324381134426 8.208310141670438   
40 400 0.041711612836549096 4.221709566524429 7.230762312837884 7.2307623128378840e+00 7.755510687732887 8.173210137714163   
41 410 0.03951573722714775 4.662075773722811 7.171827188088243 7.1718271880882432e+00 7.818153550930786 8.352933379530063   
42 420 0.04353770062990227 4.852151777930164 6.983424055991329 6.9834240559913292e+00 7.550091588716303 7.8831788147914805   
43 430 0.04585898400296252 5.280388168399472 6.983424055991329 7.1905915423936904e+00 7.502565770665957 8.116716978881945   
44 440 0.04906698331993047 5.211018197283025 6.983424055991329 7.1889781631535321e+00 7.38943462366993 8.335973688946808   
45 450 0.047021584004962015 4.891187508634925 6.983424055991329 7.0815131593752225e+00 7.668172622022037 8.162886052168282   
46 460 0.04385741569140313 5.171332475213284 6.983424055991329 7.1538756217003669e+00 7.515561441119942 7.888361342267534   
47 470 0.038241548957005406 5.313113893084783 6.858585718584866 6.8585857185848660e+00 7.393152913424931 7.451897751436531   
48 480 0.03757410930700598 5.3359234550610255 6.823022058723894 6.8230220587238941e+00 7.231793548677723 7.780651551485827   
49 490 0.03807120216493817 5.048742310434845 6.823022058723894 6.8953815763488970e+00 7.0422432110220745 7.541581244773062   
50 500 0.035928188011610844 4.871293833729428 6.779197748638463 6.7791977486384631e+00 7.060394595093149 7.3002891013163795   
51 510 0.03545437864498262 4.7388110548557965 6.691055497822465 6.6910554978224646e+00 6.855259379038555 7.97937411497515   
52 520 0.03405535423233792 4.593050651255026 6.663364562908068 6.6633645629080682e+00 7.166487496743115 7.81432619438631   
53 530 0.033647524377301695 4.543254337999962 6.663364562908068 6.7851043591947615e+00 6.957725854199546 7.200188179965325   
54 540 0.033912812300237516 4.449983176232792 6.58124873151535 6.5812487315153501e+00 6.9395243225528604 7.30178585094532   
55 550 0.03515631737624934 4.458839480183728 6.58124873151535 6.7379358121691917e+00 6.963796816208359 7.23695098983301   
56 560 0.032934207551872936 4.142632365844378 6.460191229570166 6.4601912295701656e+00 6.885088598376768 7.026208475436926   
57 570 0.03126230242845066 4.36763584903298 6.460191229570166 6.5155695527026154e+00 6.810408382402138 6.878547307334686   
58 580 0.02837779929046199 4.536358253488172 6.460191229570166 6.5401299189943121e+00 6.701150913777913 7.19307711291395   
59 590 0.02740551472861258 4.575349739240403 6.460191229570166 6.5551669666867713e+00 6.6667934860299685 6.747418336292355   
60 600 0.027508185869872876 4.684765163959983 6.460191229570166 6.4831834146590834e+00 6.675144733314214 6.902730823824361   
61 610 0.026415482567294177 4.68784763487694 6.460191229570166 6.5026456096288348e+00 6.626784716332148 6.847600442199635   
62 620 0.024041989253535418 4.582110478860082 6.460191229570166 6.4928596585444787e+00 6.599747372220707 6.782925618136016   
63 630 0.02560272313724298 4.593962815394958 6.359069930792346 6.3590699307923462e+00 6.534370509654614 6.668428992679271   
64 640 0.02992514185838889 4.228539143420654 6.306874899369175 6.3068748993691752e+00 6.422281422956923 6.840118739595441   
65 650 0.03244192551521481 4.25770389722479 6.306874899369175 6.3489098682049701e+00 6.451655702614241 6.74023662139346   
66 660 0.030256608648969233 4.15051555279943 6.287997170387231 6.2879971703872313e+00 6.510786374731373 6.61069239710638   
67 670 0.03327479478882502 4.084876200681533 6.287194517010272 6.2871945170102723e+00 6.458301535493528 6.796971254247973   
68 680 0.03418967338349892 4.3529060544294085 6.240168349257276 6.2401683492572761e+00 6.312798808578857 6.399459661376379   
69 690 0.03789615069734381 4.500244143795272 6.240168349257276 6.2404949592544110e+00 6.439793515984633 6.936868658211471   
70 700 0.04124958792474047 4.608591267649795 6.173695573612478 6.1736955736124779e+00 6.383535562721692 6.559482130757378   
71 710 0.04199777391379955 5.039342053258564 6.146923322625797 6.1469233226257973e+00 6.304309292929887 6.922518428123682   
72 720 0.03837790300211276 5.182301283719539 6.0921447793714645 6.0921447793714645e+00 6.343079655075602 6.476799394825318   
73 730 0.03714565022677122 5.26301878984623 6.054048791658092 6.0540487916580918e+00 6.231785241792374 6.459175691425899   
74 740 0.03933734007628152 5.297923382391832 6.054048791658092 6.1342903767982158e+00 6.23780638763084 6.4169348674803555   
75 750 0.03685197350492002 5.338933990205135 6.054048791658092 6.0990841320008222e+00 6.3313554564353005 6.747332810056716   
76 760 0.035257699731415355 5.4178493874059495 5.985095974345669 5.9850959743456693e+00 6.2217770040032985 6.61776044423142   
77 770 0.03385725790917194 5.3198190169559085 5.985095974345669 6.0063764308441305e+00 6.055573623561796 6.266219877282516   
78 780 0.033312334448901186 5.254423159641983 5.871854727313525 5.8718547273135249e+00 6.141310715387399 6.161446461388389   
79 790 0.03652364799009346 5.3820878902674 5.871854727313525 5.8950410832510869e+00 6.043448424498551 6.261816701711615   
80 800 0.03983708619884544 5.545056905749229 5.747213571250313 5.7472135712503132e+00 5.948080870168704 6.140411417626097   
81 810 0.04287783216716282 5.816626384685403 5.747213571250313 5.7629494248142876e+00 6.022272198654785 6.480766311169187   
82 820 0.04750354153290469 5.845948720661925 5.7056115030211645 5.7056115030211645e+00 5.994684075204587 6.348736399224205   
83 830 0.055129162804683364 6.034357953363044 5.573117317497439 5.5731173174974389e+00 6.005524414775357 6.464733175343277   
84 840 0.05641931522942778 6.07647098459504 5.573117317497439 5.6713569123820200e+00 6.053088405110782 7.1501200956319675   
85 850 0.05432441864938365 6.215895092825464 5.573117317497439 5.6815379464712796e+00 6.104343654693634 7.958636020962057   
86 860 0.055996620917744266 6.112413295165939 5.573117317497439 5.7217624455620602e+00 5.91477338549121 6.518565689356471   
87 870 0.05550009557367388 5.866817236145185 5.573117317497439 5.6026436213259245e+00 5.9426252759677896 6.085086603287953   
88 880 0.053627549908726285 5.777708973607757 5.573117317497439 5.6729013280433733e+00 6.007237556708339 7.212922071557774   
89 890 0.05239197785871862 5.261569818487655 5.532244589659273 5.5322445896592729e+00 5.940376728294466 6.273716608801208   
90 900 0.0530672353917348 5.373107601071124 5.480384302033608 5.4803843020336078e+00 5.709962522167335 6.589343457729149   
91 910 0.0479772842898551 5.228235288717722 5.480384302033608 5.5605099316548108e+00 5.730019827889086 5.917782000254499   
92 920 0.045372646044762724 5.2775468575483595 5.480384302033608 5.6438335293387700e+00 5.855650988539119 6.058379362630542   
93 930 0.042566795734039035 5.202955913460935 5.45453671734621 5.4545367173462100e+00 5.6777756898808995 5.7471828457273   
94 940 0.041516710163379794 5.662603432968242 5.3650342940146345 5.3650342940146345e+00 5.611670477874523 5.737926357740753   
95 950 0.043907917181963615 5.665420233709969 5.344486163304418 5.3444861633044178e+00 5.524720247216402 5.841814281304158   
96 960 0.03912607393436369 5.921537596546888 5.341675090905781 5.3416750909057811e+00 5.477453545547013 5.736124944451381   
97 970 0.04125981176194127 5.89526693313799 5.217120315962867 5.2171203159628670e+00 5.415645619900272 5.589031546027667   
98 980 0.0424864808813116 5.788363032161173 5.186042487631595 5.1860424876315951e+00 5.310227457439416 5.48269135985298   
99 990 0.04172640656007806 5.8514047993319975 5.186042487631595 5.2040453637408275e+00 5.304639329525751 5.556237789245028   
100 1000 0.041043766916950046 5.9957788414605675 5.186042487631595 5.1897693256452921e+00 5.309971186178307 5.356898426650544   
101 1010 0.03785674484183209 6.165365921789572 5.0981606279653935 5.0981606279653935e+00 5.299173841468209 5.445239684128226   
102 1020 0.03573137978413756 6.249147955398991 5.0981606279653935 5.1122604836274359e+00 5.206583757114433 5.373557088730894   
103 1030 0.03688510095292326 6.182302558338722 5.064382895069135 5.0643828950691354e+00 5.1497006618150785 5.255266878587245   
104 1040 0.0390412732830489 6.164771883916005 5.064382895069135 5.0702039204968754e+00 5.161979801004176 5.416303459598232   
105 1050 0.04163465238804996 6.327459712419314 5.000615762838415 5.0006157628384154e+00 5.168919316639306 5.555584019610034   
106 1060 0.0377594167009941 6.631698788724597 5.000615762838415 5.0090048999693355e+00 5.057423812183551 5.336048098840467   
107 1070 0.0371019146073115 6.943526378103832 4.948553816577211 4.9485538165772107e+00 5.064066257725617 5.524935217495651   
108 1080 0.03710147228219511 7.163315580925783 4.916077922730826 4.9160779227308264e+00 4.986101833044172 5.134821545601421   
109 1090 0.03692671224145859 7.311647173162343 4.869525617736792 4.8695256177367918e+00 5.023019548054781 5.341290323416829   
110 1100 0.03756294256913992 7.203042265270036 4.841947559578497 4.8419475595784967e+00 4.978362223395349 5.088418074734314   
111 1110 0.039170146725771245 7.31089158811905 4.835949566290164 4.8359495662901644e+00 4.951458620918297 5.088720730390022   
112 1120 0.041210410931194465 7.381643758806541 4.8336460064746 4.8336460064746003e+00 4.983729253999658 5.522332400571667   
113 1130 0.047252701358518244 7.034713837526347 4.752087180797696 4.7520871807976963e+00 4.887828302848096 5.18851385412908   
114 1140 0.05390101645985788 6.863282372523365 4.708062387693641 4.7080623876936407e+00 4.8420796939096835 5.128359222477557   
115 1150 0.062317367675701056 6.998155699333763 4.6969846740028895 4.6969846740028895e+00 4.849693580303213 5.1822623384952555   
116 1160 0.07277937661386041 7.0325948470426285 4.659294973372243 4.6592949733722433e+00 4.8793600931325924 5.148279868067516   
117 1170 0.07839005139795752 6.937552184942332 4.449058019473965 4.4490580194739646e+00 5.096865412481695 5.8552617300148215   
118 1180 0.07323521582167328 6.8670713998200315 4.449058019473965 4.7033543351845966e+00 4.900052033163567 5.64513531258272   
119 1190 0.07500567058977337 6.829209907424787 4.449058019473965 4.5721484520719589e+00 4.82019652558822 5.675258679504283   
120 1200 0.08045508748250794 6.97603050001788 4.449058019473965 4.4942466963132253e+00 4.757995308990463 5.416092757672115   
121 1210 0.07793826491358405 6.315277347274031 4.392537746651456 4.3925377466514561e+00 4.763678069178896 5.2326696459421935   
122 1220 0.07112700602222519 6.238401539940915 4.337344699112778 4.3373446991127782e+00 4.7708555649189295 5.075072820514258   
123 1230 0.06446184027411168 6.11194057955998 4.337344699112778 4.4263540505175216e+00 4.758473910521133 5.301772376322125   
124 1240 0.07116071333173593 6.188571210662886 3.971156881104866 3.9711568811048661e+00 4.721530439965546 5.166161076985405   
125 1250 0.07266219423386952 6.635393707004395 3.971156881104866 4.0159830321249226e+00 4.3174023705407185 4.835284234610198   
126 1260 0.08081725453131165 6.772089261156302 3.971156881104866 4.1828333563815630e+00 4.383845829497283 4.648275134840842   
127 1270 0.07462531853793715 7.288779408005346 3.971156881104866 3.9776753266498224e+00 4.312045506661815 6.890024602415315   
128 1280 0.07382315263300679 7.299723137169685 3.9249773601891267 3.9249773601891267e+00 4.39533774048794 4.9692160963246295   
129 1290 0.08191265159299031 7.516911106584396 3.8501653661894686 3.8501653661894686e+00 4.252534720246684 4.709415219803815   
130 1300 0.0850916682494825 7.2805699355398685 3.774675317460781 3.7746753174607810e+00 4.020170560883627 4.29301473813185   
131 1310 0.08268856120910083 7.4864912414046705 3.774675317460781 3.9782731832919680e+00 4.186903034422457 4.516498533621981   
132 1320 0.0742077218427602 7.961757986829178 3.6778739269881355 3.6778739269881355e+00 4.153535430484747 5.004166137555066   
133 1330 0.07150058234921405 7.581655762901079 3.6778739269881355 3.7448960551461665e+00 3.908089939634067 4.461273368803005   
134 1340 0.06634813672234331 7.8454503551263395 3.5328684834434814 3.5328684834434814e+00 3.8509685400865923 4.646560271121356   
135 1350 0.06399985070154474 7.985620936167423 3.462678898164614 3.4626788981646142e+00 3.7843506821438755 4.093036611993739   
136 1360 0.06419015815592698 8.162576066823902 3.45120354554908 3.4512035455490802e+00 3.810460402215314 4.064782381479959   
137 1370 0.07256383623647038 8.480239731839523 3.3506636263474823 3.3506636263474823e+00 3.775999372274539 3.953106938893719   
138 1380 0.0711745218695282 9.170379388848742 3.3506636263474823 3.3841697739460024e+00 3.5842450752195307 3.9766530645650846   
139 1390 0.07239969662895368 9.097511497276548 3.3349639430741407 3.3349639430741407e+00 3.6956368439331353 4.030118380070325   
140 1400 0.08212032348795549 9.015092610725587 3.3349639430741407 3.3760821262525162e+00 3.6940566979189793 3.9177547449168793   
141 1410 0.08220701861282784 9.096120872967674 3.3349639430741407 3.3512847541554684e+00 3.6710284718125576 4.324525631948504   
142 1420 0.07498631157555134 9.474290954104843 3.2213380629515918 3.2213380629515918e+00 3.695381421483594 3.9555604676669267   
143 1430 0.07000166441557654 9.447132578478136 3.2174660148005065 3.2174660148005065e+00 3.5807194956803654 4.589092708421769   
144 1440 0.0637834902898235 9.221400719478858 3.148519416487627 3.1485194164876269e+00 3.5196525453398975 4.41523668235545   
145 1450 0.05910940932151807 9.314719843355634 3.148519416487627 3.2391350883907277e+00 3.4235367978668876 3.6533401476833287   
146 1460 0.055255632766160655 9.390461926994057 3.060583566144697 3.0605835661446972e+00 3.4024772362894757 3.633308701241872   
147 1470 0.05662931073663715 9.417664711888444 3.0298255190648504 3.0298255190648504e+00 3.2108673977586384 3.4057974120316663   
148 1480 0.05660090259574306 9.426983482495938 2.9620224273072893 2.9620224273072893e+00 3.19220287737686 3.4797758661960736   
149 1490 0.05605869175737356 9.643511082807965 2.9620224273072893 2.9688856245375295e+00 3.0691186492869598 3.396946356749271   
150 1500 0.05733505107342522 9.735507470480414 2.8801952320547377 2.8801952320547377e+00 3.1286298672263184 3.410059082762767   
151 1510 0.05254969566108815 10.103885805258576 2.8801952320547377 2.8940412714038448e+00 3.0934134975511247 3.3304555430953107   
152 1520 0.04576070852708256 9.496886279175632 2.8801952320547377 2.8988952464941917e+00 3.018011515107953 3.1273478174629394   
153 1530 0.048402569406676824 9.445109797921354 2.796720751852178 2.7967207518521779e+00 2.956705872826615 3.172189317664858   
154 1540 0.048170128061910386 9.675779358535953 2.778375142047848 2.7783751420478482e+00 2.9039763887325076 3.0498655646173907   
155 1550 0.05288665953262933 9.875578462736527 2.7464987191130676 2.7464987191130676e+00 2.839232645318834 3.0762753737324777   
156 1560 0.058367308095229664 10.529605911119356 2.739310261451376 2.7393102614513758e+00 2.9495537982876274 3.0863121547919565   
157 1570 0.05992881814674712 10.711958274592877 2.739310261451376 2.8844336058365254e+00 2.9780988441274725 3.203128848695368   
158 1580 0.058308841956026085 10.920247581897268 2.6633588085613487 2.6633588085613487e+00 2.942295036901619 3.3356827798481024   
159 1590 0.0592600602228848 10.781768892865648 2.651768430464667 2.6517684304646671e+00 2.829859243234905 2.9485105846583366   
160 1600 0.05818329125871217 10.506404538832967 2.5616466662489183 2.5616466662489183e+00 2.822783984255944 3.0224346154671675   
161 1610 0.05623173322647199 10.534611451625715 2.5616466662489183 2.5672178428072305e+00 2.7080435204610556 2.933658844536768   
162 1620 0.051233317304897434 10.59630489213319 2.5616466662489183 2.6356840230417156e+00 2.743703369834674 3.055291827919336   
163 1630 0.048687832012306975 10.06385157648753 2.5355464757503112 2.5355464757503112e+00 2.766175559970628 2.888669125296787   
164 1640 0.04960565354846486 9.819297775462648 2.466580280864756 2.4665802808647559e+00 2.7057269242484354 2.924385086191926   
165 1650 0.04558001613022324 10.013070131404895 2.466580280864756 2.5097467902769179e+00 2.6140662948121234 2.7199784553029804   
166 1660 0.046183142760219974 10.616269819759914 2.464824818030319 2.4648248180303192e+00 2.673592839146303 3.0684701656567066   
167 1670 0.05036639275172478 9.887060176626102 2.4310500617640307 2.4310500617640307e+00 2.4995461125204277 2.64731149212829   
168 1680 0.061747617809402584 9.923359250245769 2.3677418781459796 2.3677418781459796e+00 2.4832035697220993 2.6753072957026864   
169 1690 0.07197123990582036 10.121902931182124 2.342518944571625 2.3425189445716250e+00 2.555700671158213 2.8916693898937487   
170 1700 0.07731400441132566 10.208027712790527 2.3075481345496716 2.3075481345496716e+00 2.4916562635230477 2.6394973336527943   
171 1710 0.08794223699203961 10.72598706339461 2.2115411944866903 2.2115411944866903e+00 2.4936391426971687 2.6738607496284104   
172 1720 0.08885702055481337 11.116473892539602 2.2115411944866903 2.2404454165704530e+00 2.5337169217965565 2.6374861119274673   
173 1730 0.0869627560744759 11.687198151055789 2.2115411944866903 2.2460125490707648e+00 2.651900712716299 4.518607614747649   
174 1740 0.08109812712326561 10.864137846518313 2.1476451976169635 2.1476451976169635e+00 2.3561780458319532 2.8679357950544593   
175 1750 0.07604627549874134 10.599645371108256 2.1476451976169635 2.1762330056770978e+00 2.3492923343213943 2.6358360797534957   
176 1760 0.07224369337317704 10.496744436725567 2.135870659053814 2.1358706590538139e+00 2.278934255390691 2.544917348697412   
177 1770 0.07199387341498313 10.420069458202866 2.0355328599407017 2.0355328599407017e+00 2.23770686030291 2.4444577548237154   
178 1780 0.07156811762961224 10.258168823998023 2.0355328599407017 2.1223202850192657e+00 2.2262019184429245 2.565565388505101   
179 1790 0.06693168755111618 10.751891331621351 2.0029564120294805 2.0029564120294805e+00 2.2285394449496287 2.432949864072937   
180 1800 0.06222482426825417 10.961456325835734 2.0029564120294805 2.0312154829140825e+00 2.1427065585779514 2.18291367801993   
181 1810 0.056483585905799986 11.25867130322398 2.0029564120294805 2.0185057479548205e+00 2.146577111293862 2.4049835106137616   
182 1820 0.05009254916872553 11.45688657164572 1.995509473208206 1.9955094732082059e+00 2.130193045679056 2.4693593251399677   
183 1830 0.04544706933430139 11.714348540129416 1.9825533892708749 1.9825533892708749e+00 2.1433917245696494 2.3116968477949   
184 1840 0.047018134479462355 11.574718673628446 1.8888829656746746 1.8888829656746746e+00 2.030595164610067 2.4815131813726152   
185 1850 0.04848565503850493 11.384957622228423 1.8888829656746746 1.9185879116040847e+00 1.985218278459541 2.148597843474603   
186 1860 0.04818536680032894 11.393035400822368 1.8687518131262428 1.8687518131262428e+00 1.953198665831207 2.0934808289617335   
187 1870 0.05163218611127954 11.057471839245794 1.8687518131262428 1.8843952413422518e+00 1.9581780968957914 2.1948851340433526   
188 1880 0.05209891178994425 11.211582096947227 1.8236577358752988 1.8236577358752988e+00 1.912354606290215 2.0420890370362805   
189 1890 0.056167904766545276 10.885524183671372 1.7840568549755407 1.7840568549755407e+00 1.9314793467212974 2.031136289765837   
190 1900 0.0631992822056073 10.834572520433767 1.7415673856684148 1.7415673856684148e+00 1.9165377934850776 1.9906877017915412   
191 1910 0.07154343438096146 11.192673667151206 1.737690204658371 1.7376902046583711e+00 1.8559682036793392 1.9445330350260028   
192 1920 0.07497890848450946 12.157705032513102 1.737690204658371 1.7490085485133884e+00 1.8446781746215515 2.3284521489926804   
193 1930 0.08131980331191242 12.299152951149592 1.6819824964107717 1.6819824964107717e+00 1.8457605338987264 2.0628614222006894   
194 1940 0.0844271138308769 11.934270712666143 1.6819824964107717 1.7300579494057389e+00 1.953840734994774 2.135938388888636   
195 1950 0.08800030916897571 11.850196307622433 1.6142520707455743 1.6142520707455743e+00 1.744519222038615 2.175944732200757   
196 1960 0.09147908663393842 12.363588362354276 1.5344203870625264 1.5344203870625264e+00 1.855827982254789 1.952037518865764   
197 1970 0.10194236087130164 12.513478145487998 1.5344203870625264 1.5348941141971970e+00 1.7101010139836033 2.1738896011953557   
198 1980 0.10517990328559582 13.199845025454533 1.5344203870625264 1.5473546945691443e+00 1.7373033043213553 2.3391194130160287   
199 1990 0.10885394184426615 13.801315970740326 1.2970429401255519 1.2970429401255519e+00 1.6902045237469348 1.9351000753221084   
200 2000 0.10823432946311977 14.878749772042138 1.2970429401255519 1.4408839503016422e+00 1.6555549090803283 2.1010445289482487   
201 2010 0.10440475184008384 14.125317746961885 1.2970429401255519 1.4288724749055275e+00 1.6765511720813173 2.270077308304093   
202 2020 0.10300987484057837 14.188987867934529 1.1400824997600505 1.1400824997600505e+00 1.6730215628510847 2.021645673265194   
203 2030 0.10454463287813566 14.414679232341626 1.1400824997600505 1.2425435340818454e+00 1.5201044884178172 1.7530824112910595   
204 2040 0.11003792934263135 14.856268926436712 1.1092866121331313 1.1092866121331313e+00 1.5139232712798665 2.8254609844582075   
205 2050 0.11340629731606845 15.368220452210164 0.8682705534971207 8.6827055349712068e-01 1.3179055128918074 1.531700925305152   
206 2060 0.10868979658464716 15.390519237982666 0.8682705534971207 1.0665754871393376e+00 1.4064203925551937 1.8406075959078705   
207 2070 0.10710155005451137 15.020394209136182 0.8635377004339582 8.6353770043395817e-01 1.2697230893434601 1.9455009501129277   
208 2080 0.10694362398298037 14.988875402208528 0.775899865451582 7.7589986545158196e-01 1.1352971546140276 1.4149927061322976   
209 2090 0.1046324927616889 14.597870480995637 0.735085496999469 7.3508549699946901e-01 1.271156523224144 1.8988143100570027   
210 2100 0.09583994357659292 14.79461038366713 0.735085496999469 8.0504723004011147e-01 1.1403275690763186 1.3608785508961225   
211 2110 0.08690736429868502 15.0753125533171 0.6972288995640901 6.9722889956409007e-01 0.9587896222900953 1.218693468434465   
212 2120 0.08283790056842137 15.07569986193854 0.6972288995640901 7.2655023673878338e-01 0.8478284192636896 1.0388667808241308   
213 2130 0.08426751258464153 14.94004000408333 0.5376667518799461 5.3766675187994606e-01 0.833750682776535 0.9381620731901528   
214 2140 0.08344248500824997 15.462999602629052 0.5310861631251087 5.3108616312510870e-01 0.6432289219175535 0.9530051492023853   
215 2150 0.08319603658823005 15.518830726021275 0.5310861631251087 5.8121380693175562e-01 0.8272326472853477 1.0501832370321067   
216 2160 0.07456078503829479 16.92543189024062 0.5310861631251087 5.8846387771137099e-01 0.7239989551924623 1.2410063388778256   
217 2170 0.06757998100792505 16.193430363490528 0.5263691917112725 5.2636919171127250e-01 0.633291896125775 0.8305996311676227   
218 2180 0.059676261564052584 16.004442807472095 0.507488408036064 5.0748840803606399e-01 0.5413738168436948 0.6726606260656814   
219 2190 0.059169951304142494 16.194090930622295 0.507488408036064 5.4291908715609949e-01 0.6236377267403819 0.8250449138398166   
220 2200 0.05286761788683779 15.61433187845386 0.507488408036064 5.3870096940506618e-01 0.581065718581292 0.6790051127240386   
221 2210 0.04873397013721328 14.73663639192348 0.507488408036064 5.3013092576461851e-01 0.5874282991572805 0.6356077850653711   
222 2220 0.04505784316260668 14.377971115406627 0.48532018436120333 4.8532018436120333e-01 0.5250645953884527 0.6195042526471904   
223 2230 0.04539008077038359 14.394749160539966 0.48532018436120333 4.8761638039434851e-01 0.5157960283392815 0.5618325480276348   
224 2240 0.0473778102379572 13.662365489130377 0.46726130845641756 4.6726130845641756e-01 0.4964670899111215 0.5705512300419588   
225 2250 0.05341933861992268 13.54574329899927 0.44634021490301723 4.4634021490301723e-01 0.48935581748311585 0.5593354347495958   
226 2260 0.06441354350833371 13.470705319414535 0.44634021490301723 4.5080721274271340e-01 0.48760887762593474 0.5266675195456725   
227 2270 0.07119853622105718 13.071012081170142 0.43433137251543974 4.3433137251543974e-01 0.5088278303294196 0.6273541540774195   
228 2280 0.07830046397660596 13.063453010017854 0.43433137251543974 4.3950359821235335e-01 0.5382745641907931 0.6230910132989026   
229 2290 0.07709097791268398 13.197845173754738 0.43433137251543974 4.6410841565449790e-01 0.5155388537783758 0.7305541535410625   
230 2300 0.07919285457623453 12.917252999069058 0.43244939973139884 4.3244939973139884e-01 0.5032166010717838 0.6026406675419476   
231 2310 0.07994897315636298 13.32398115654828 0.43244939973139884 4.3912779258437040e-01 0.5524616943090723 0.6479588610423483   
232 2320 0.07622852413484028 13.793657899962108 0.43244939973139884 5.0456796146241145e-01 0.6381880414702077 0.7762575044416654   
233 2330 0.07214076354986113 13.573144330630544 0.43244939973139884 4.6485831926640897e-01 0.614489682192866 0.7832474752538165   
234 2340 0.07046185170836111 14.091236260128728 0.43244939973139884 5.1414493739306932e-01 0.5510439226227439 0.6849108421269143   
235 2350 0.0724887228704782 14.480298508948005 0.43244939973139884 4.9598090180635512e-01 0.5784095405520169 0.6254520990888065   
236 2360 0.06709069657340547 14.652556699479344 0.43244939973139884 4.7056680270401502e-01 0.5219266701482574 0.5822864889478626   
237 2370 0.0641719613668628 14.837852213023904 0.4288500205418362 4.2885002054183619e-01 0.5185292321008477 0.6173460497436652   
238 2380 0.06287668957664132 14.06604847183451 0.41020849138687154 4.1020849138687154e-01 0.48451954434238964 0.5474640039671849   
239 2390 0.07223321990706436 14.05191311396293 0.41020849138687154 4.2847137933994378e-01 0.5016425853013728 0.6581185470192255   
240 2400 0.07640513230963479 14.267635786004156 0.41020849138687154 4.3067817466943797e-01 0.5604837617588476 0.8397482399080607   
241 2410 0.08118227045506457 13.953179217141935 0.3628687714244147 3.6286877142441470e-01 0.48566375712752274 0.6837696634608248   
242 2420 0.07743306543736345 13.242427588983569 0.3628687714244147 3.7813965010264317e-01 0.4403267167863544 0.5189001225953003   
243 2430 0.07571000873216423 12.937631736495291 0.3306466536076914 3.3064665360769141e-01 0.47088369805340297 0.6715383027478043   
244 2440 0.07813641816211088 12.841036501140477 0.3274038253237313 3.2740382532373130e-01 0.4213504953503675 0.5757325333057792   
245 2450 0.07469666270836027 12.871262715297956 0.3274038253237313 3.8312649059191167e-01 0.4216451500324097 0.673837375285693   
246 2460 0.07206867644719872 12.40096346633477 0.3187891755479288 3.1878917554792879e-01 0.37206545181605066 0.5929699786418658   
247 2470 0.07284620473881229 13.10139320759554 0.3187891755479288 3.1906031267159840e-01 0.3456796613010787 0.40716184172602876   
248 2480 0.07530682411495049 13.268172216982496 0.3136495976456952 3.1364959764569522e-01 0.37590771903308257 0.43902607593851584   
249 2490 0.07360078218107048 13.303121693700268 0.30220596814043765 3.0220596814043765e-01 0.3713334266664037 0.6414087124431241   
250 2500 0.07436513024406483 13.79610222543584 0.29323980715449066 2.9323980715449066e-01 0.387731669886454 0.5179529151677296   
251 2510 0.07354274613779772 14.239729179805915 0.29323980715449066 3.0577702000007578e-01 0.4076188608979322 0.4834841022099445   
252 2520 0.07089284368437622 14.557137697771543 0.29323980715449066 3.0823493776564326e-01 0.3544540784884741 0.6309821095556334   
253 2530 0.07266817548814464 14.51393878795117 0.2612996607027296 2.6129966070272959e-01 0.3434477281836028 0.40630842435866316   
254 2540 0.07399288755534666 14.59865137706183 0.2612996607027296 2.6388748308110022e-01 0.3341675168515307 0.3820473213888482   
255 2550 0.07508093278104631 15.502286370648546 0.2612996607027296 2.7227431145119529e-01 0.3051455828853051 0.4698591334940011   
256 2560 0.08564797214566923 15.334946497050034 0.24746050514008167 2.4746050514008167e-01 0.28293392542365897 0.34761448252942506   
257 2570 0.08738985911733892 15.815175078827554 0.22908514092580715 2.2908514092580715e-01 0.30973427558107725 0.41333623905661426   
258 2580 0.09573739434508213 16.177451475494028 0.201815586353908 2.0181558635390801e-01 0.29210870769758235 0.47182294323252877   
259 2590 0.09284360253894354 16.898814914158905 0.201815586353908 2.3129212441351998e-01 0.2851251201499549 0.39414353994082973   
260 2600 0.08507332015595834 17.101182860522627 0.18786988327389256 1.8786988327389256e-01 0.29726090324899573 0.39692188301556397   
261 2610 0.09394262804360745 17.772710937285545 0.18078649865799204 1.8078649865799204e-01 0.26076184507022965 0.3229030833849048   
262 2620 0.10750633929137446 16.824103784143244 0.1767576982817149 1.7675769828171489e-01 0.22405813510781453 0.359305735035996   
263 2630 0.1131294662482833 17.598365106311803 0.1767576982817149 1.9502861441001329e-01 0.2857612225113836 0.3542745521252104   
264 2640 0.1277729232855617 17.801959165731642 0.1767576982817149 1.9665557280307824e-01 0.2629167589210403 0.3406010368796577   
265 2650 0.12891126309394227 19.91020038557371 0.1767576982817149 2.3287000845671485e-01 0.3026300099296038 0.7329145318807793   
266 2660 0.12615786023318248 20.359797909178308 0.1324562751791261 1.3245627517912609e-01 0.2670340244279664 0.4282014126822467   
267 2670 0.12198472321520203 20.386846073248368 0.09799822188361826 9.7998221883618258e-02 0.2278987970198495 0.4686856515900547   
268 2680 0.11890670506628884 19.95563327052009 0.09799822188361826 1.0509727782905016e-01 0.2339466727824932 0.2921100610491614   
269 2690 0.10520957500995626 20.541563250063582 0.09799822188361826 1.5353252594646938e-01 0.2289338425689273 0.548566487446704   
270 2700 0.11635418950424696 20.073180172135277 0.09593288461859867 9.5932884618598668e-02 0.17837864921658597 0.30223305786582677   
271 2710 0.11247208833379602 21.595906085048888 0.09593288461859867 1.3049148683787642e-01 0.2047764268029746 0.33889092116291275   
272 2720 0.10063343063032093 21.485204907037 0.09593288461859867 1.4831020378861134e-01 0.2046837541371762 0.2928859462840271   
273 2730 0.09516322144827588 22.63125327782294 0.09593288461859867 1.0747190895343409e-01 0.2549618616876272 0.32801558015959625   
274 2740 0.08808853027367781 22.267197694281396 0.08724816680224151 8.7248166802241511e-02 0.189323067587439 0.2737337006384358   
275 2750 0.08103097764393373 22.465337712985956 0.08724816680224151 1.0593973474790239e-01 0.14353737540366807 0.21944780878455572   
276 2760 0.07177906289329808 21.98613491267379 0.0812508633692754 8.1250863369275395e-02 0.1491340927448549 0.19846767905418336   
277 2770 0.06490785082868544 21.35060555384459 0.07901919890450747 7.9019198904507468e-02 0.09546007144773744 0.13000768005781055   
278 2780 0.06128682826425789 20.808756638709205 0.0685825297764766 6.8582529776476595e-02 0.08146745837890629 0.11427284462366696   
279 2790 0.06322929586841079 20.814770798908032 0.0495628970710259 4.9562897071025902e-02 0.07397755415718581 0.09563662444292706   
280 2800 0.06829657330703673 22.98342552408528 0.0495628970710259 5.3207130983835213e-02 0.07300820474346745 0.10841133700837885   
281 2810 0.06522749218848424 23.832659641564653 0.0495628970710259 5.3829357042671389e-02 0.07952014652742947 0.12193162204776341   
282 2820 0.060319468044986446 23.656506302879873 0.0495628970710259 6.1437743691354241e-02 0.0784099684204303 0.12282333243139279   
283 2830 0.060728388907857124 24.505145120349457 0.0495628970710259 6.3519331881177712e-02 0.08392581140299114 0.1081305044296694   
284 2840 0.0586950833971046 24.919946338816548 0.04457081685684419 4.4570816856844192e-02 0.07016141907114505 0.12929730359262775   
285 2850 0.06439694939114457 24.383387205383915 0.04457081685684419 4.7560948323612712e-02 0.06827324616137008 0.07737595900660546   
286 2860 0.06461838504949195 25.450843916059092 0.04032154862870789 4.0321548628707890e-02 0.06503442303579579 0.08722708237967736   
287 2870 0.06542704162551323 25.974794421441864 0.04032154862870789 4.4953969102952976e-02 0.06360294890426785 0.07324640797077282   
288 2880 0.06147253693229171 27.190919783718495 0.04032154862870789 4.3853034333940152e-02 0.05807339129082288 0.09702007142858907   
289 2890 0.05913235002324798 27.52771664004925 0.03719334290989028 3.7193342909890278e-02 0.06627923127813556 0.08278669482006248   
290 2900 0.05960615073738736 27.439101017113707 0.035186662763293165 3.5186662763293165e-02 0.05276493176311174 0.08063621018317836   
291 2910 0.06101348367592231 29.16633247873514 0.035186662763293165 3.5191472165936447e-02 0.04135305770269294 0.058561513664473   
292 2920 0.06520649001449284 30.09936662021597 0.0279139618490909 2.7913961849090899e-02 0.04839961218408785 0.05756578521693991   
293 2930 0.06636728718753962 30.01105935874922 0.02629211503761615 2.6292115037616151e-02 0.040805418806267924 0.06499190859299168   
294 2940 0.06294061192235666 30.560096576271672 0.020147503512565047 2.0147503512565047e-02 0.05537876862472957 0.13354770754634343   
295 2950 0.059967796973020106 29.045227085135625 0.017264457882944603 1.7264457882944603e-02 0.03780492886199351 0.07739116186740252   
296 2960 0.06020141467941564 29.462211986976463 0.01676651481361719 1.6766514813617191e-02 0.029401527372004174 0.036859619586180975   
297 2970 0.05789034485547001 29.41439391957747 0.011454477269479228 1.1454477269479228e-02 0.03086864623252934 0.060029636329056515   
298 2980 0.05663730881055476 29.063218280240026 0.011454477269479228 1.7534835255897888e-02 0.025854753385160495 0.03924997988403266   
299 2990 0.054819451358863715 27.734550628325007 0.011454477269479228 2.1488231368686661e-02 0.031749001847615935 0.058949321520680935   
300 3000 0.054553741822280816 28.925091123353095 0.011454477269479228 1.6602076591369995e-02 0.025503888482311506 0.04574863415729612   
301 3010 0.05261301658742111 28.06228622289347 0.011454477269479228 1.1825807828505340e-02 0.02334847498803124 0.04984712664549272   
302 3020 0.04966522219884316 28.14127254571786 0.011398010409275072 1.1398010409275072e-02 0.02583961898645379 0.031195938564148443   
303 3030 0.045909783073197104 26.75025303534913 0.01048339985792309 1.0483399857923089e-02 0.017547873649723295 0.03052397237759863   
304 3040 0.04553863399852226 27.6400478232154 0.008822026356551608 8.8220263565516079e-03 0.01353849218644436 0.01853008657273312   
305 3050 0.04352582056377043 28.463780189028967 0.008669062923891111 8.6690629238911111e-03 0.01377197515732046 0.03208714541128438   
306 3060 0.041141228267994996 29.189438079261578 0.008669062923891111 1.0132841592658263e-02 0.01284795797651857 0.022242597172737303   
307 3070 0.0372215229125141 30.03126732206897 0.0066763823987692865 6.6763823987692865e-03 0.011675810197745424 0.01635273465534798   
308 3080 0.039339516750895503 32.12917830152834 0.0048567216137740754 4.8567216137740754e-03 0.009933953628111988 0.012852300787066567   
309 3090 0.036653380353208545 31.26190135668183 0.0048567216137740754 6.5157795436001729e-03 0.010950989121842149 0.02058227838930293   
310 3100 0.034385619960652355 31.75527093103688 0.0039647172259788515 3.9647172259788515e-03 0.009682621061779232 0.010784094897868683   
311 3110 0.03385610757240026 31.512930078674547 0.0039647172259788515 4.3851842570756180e-03 0.00661405614765433 0.010087632323268802   
312 3120 0.03255970113720425 31.65089191619669 0.0039647172259788515 5.1605807978642232e-03 0.007605299291971538 0.01168038023978253   
313 3130 0.03260720758611049 32.6144419532803 0.0037855359231862363 3.7855359231862363e-03 0.005737890914300694 0.007000385424874884   
314 3140 0.03132906615386674 34.83564037815727 0.0034326899631471463 3.4326899631471463e-03 0.00607295821359171 0.012721727117703807   
315 3150 0.027815548978803353 34.716176176635294 0.003067076455462033 3.0670764554620328e-03 0.005273735372092971 0.007785797716374149   
316 3160 0.026567807943545393 33.5482789050832 0.0011486234656913124 1.1486234656913124e-03 0.004074349587468971 0.008594497294035061   
317 3170 0.02574157242108211 35.63060421084867 0.0011486234656913124 1.5225961406812412e-03 0.0027682049957062638 0.003637383459697314   
318 3180 0.026083504576448608 36.39683111980891 0.0011486234656913124 1.2370933566427486e-03 0.0025136866354908017 0.004629936253019853   
319 3190 0.02848022332449318 37.81551369829514 0.0011486234656913124 1.2829726166109800e-03 0.0021753958924386895 0.005089906663194349   
320 3200 0.030535806099736724 42.52134483057201 0.0007007649990375677 7.0076499903756772e-04 0.001801523610353536 0.0038269836374045223   
321 3210 0.03131816661610032 47.549155780805755 0.0007007649990375677 1.8530083086718112e-03 0.0030600724563990688 0.007080434164267784   
322 3220 0.029808704081380685 48.20582993552548 0.000611643789905227 6.1164378990522699e-04 0.0030506853445506966 0.005012340821758757   
323 3230 0.02659541064216309 51.83606766546729 0.0005504854170811254 5.5048541708112536e-04 0.0032670782788793164 0.004568773008412038   
324 3240 0.023878787099871287 51.582447304135286 0.0005504854170811254 8.2956113779422106e-04 0.0012327720459239554 0.0020339306752657125   
325 3250 0.020557463887653487 51.517775988680434 0.0005274808543952616 5.2748085439526156e-04 0.0013543094730866134 0.00291753665598583   
326 3260 0.01914900469933641 52.292532193204195 0.00043270258568056 4.3270258568056002e-04 0.0011786000554437428 0.0015479429094371177   
327 3270 0.01761641115375464 51.421245647051784 0.0003019583659685039 3.0195836596850389e-04 0.0007933638253296508 0.0014053375004351742   
328 3280 0.017023472201770366 52.52806465413263 0.000295774126720462 2.9577412672046198e-04 0.0009401976378848919 0.0011496045401520692   
329 3290 0.01587471358020606 50.924012175787766 0.0002618081447640515 2.6180814476405148e-04 0.000536319633769232 0.001014547486325478   
330 3300 0.014335338616136086 51.82641559898889 6.580024832141427e-05 6.5800248321414267e-05 0.0005693824404949815 0.001179655210305414   
331 3310 0.012786133885164211 48.9345224384113 6.580024832141427e-05 8.4350344518900838e-05 0.0003465032967787985 0.0007011711862011054   
332 3320 0.011204389134872773 49.14749678435403 6.580024832141427e-05 1.2513088012694104e-04 0.0002704974302207403 0.0006637075215920955   
333 3330 0.01016535027477539 49.14666867089433 6.580024832141427e-05 1.1130017156626398e-04 0.00020559458258307146 0.0004637207156982173   
334 3340 0.010112157621505106 49.41748098011218 6.580024832141427e-05 6.7979644825489670e-05 0.0001248461047603115 0.00031503701576605534   
335 3350 0.009896377803424169 48.75881996596587 6.580024832141427e-05 8.4101676214096125e-05 0.00016771687578745606 0.0004069274663974798   
336 3360 0.009215809760758928 47.07101125012612 6.580024832141427e-05 6.9675950893062179e-05 0.00012382981566532914 0.0002950610424364483   
337 3370 0.008446449931713746 46.49767438449033 6.580024832141427e-05 9.3566097254405136e-05 0.00017111553120168133 0.0005100712522289598   
338 3380 0.0077268335039166235 49.72147825959559 6.580024832141427e-05 7.5116944539656305e-05 0.00012944355420875902 0.000233947363665887   
339 3390 0.007093897955186842 49.579027170959826 3.037925350860937e-05 3.0379253508609370e-05 0.00013305455614908522 0.00020013619163564717   
340 3400 0.0067099657306511915 49.87113658179498 3.037925350860937e-05 5.0342401749830513e-05 9.309289653323456e-05 0.00016011560465180707   
341 3410 0.00587539248545954 49.593897652362 2.5644278446819327e-05 2.5644278446819327e-05 8.250909512037222e-05 0.00012278842330398632   
342 3420 0.005257218823889852 50.38787091383384 2.5644278446819327e-05 3.4763410175758687e-05 6.566437246631021e-05 0.00010718030642991546   
343 3430 0.004950884621858845 50.19869539721844 1.8689735699493097e-05 1.8689735699493097e-05 4.300736681683249e-05 6.073960853334405e-05   
344 3440 0.004699257938588452 58.270264599985566 8.580245527790372e-06 8.5802455277903725e-06 2.5073067961944156e-05 6.261583505396971e-05   
345 3450 0.004315972535205519 59.067978225416496 8.580245527790372e-06 1.2183153472960714e-05 2.6119541491303143e-05 3.448268371192029e-05   
346 3460 0.003796398935706434 58.00179392623786 7.5976415770428474e-06 7.5976415770428474e-06 1.90423189197362e-05 3.211972142006273e-05   
347 3470 0.0033033194528971892 58.158067419041636 4.76690440004859e-06 4.7669044000485900e-06 1.2441337330072644e-05 3.507571850367929e-05   
348 3480 0.0031342855145400322 57.65552304994835 4.76690440004859e-06 6.0032200944573417e-06 1.0096175411752534e-05 3.372047468852631e-05   
349 3490 0.0027222987614911884 59.33242157807843 4.76690440004859e-06 8.4908295961473917e-06 1.3021945013583716e-05 2.1734991858959306e-05   
350 3500 0.002601575950279114 60.30066372667831 4.76690440004859e-06 6.9236815018926702e-06 1.0774165025446291e-05 1.8283778629553046e-05   
351 3510 0.0022885098742144562 62.75429696308887 4.76690440004859e-06 4.7859878060347254e-06 1.1316612294379278e-05 1.5247213462315791e-05   
352 3520 0.0021026319149158807 64.46315379394113 4.572896444634362e-06 4.5728964446343617e-06 7.4244848240388515e-06 1.7093209943605686e-05   
353 3530 0.0019827636287099866 65.55780413077531 2.715228769561432e-06 2.7152287695614320e-06 5.3921214220884485e-06 8.373182663880614e-06   
354 3540 0.0018165159891800205 65.35148085335975 2.2951448812243895e-06 2.2951448812243895e-06 6.827676558633177e-06 8.255300237868412e-06   
355 3550 0.002029304483905219 64.40077790156164 2.0882731513522332e-06 2.0882731513522332e-06 4.562873660659592e-06 7.417942327759039e-06   
356 3560 0.002003974171243369 56.69828625331189 1.8837098521589894e-06 1.8837098521589894e-06 3.441532852177631e-06 8.50057135786836e-06   
357 3570 0.0018214220000694027 56.554913759835095 1.7255835882894867e-06 1.7255835882894867e-06 2.773980553446058e-06 6.767653091009511e-06   
358 3580 0.001901064409832976 57.86402097206799 9.367880233238412e-07 9.3678802332384117e-07 2.9741015078417463e-06 5.895565982164659e-06   
359 3590 0.0018581659628842553 59.18489212321692 9.274814317249041e-07 9.2748143172490413e-07 3.402809299756483e-06 6.433845064124549e-06   
360 3600 0.0018274773496175928 59.89294437228632 9.274814317249041e-07 1.6132472719983614e-06 2.9487209878079494e-06 5.968958970246623e-06   
361 3610 0.001666864591146127 58.69056956481761 9.274814317249041e-07 1.2531142711762217e-06 2.4296426443526e-06 5.148631663269174e-06   
362 3620 0.0015265566509026194 57.55012483795489 9.274814317249041e-07 1.0652858941379519e-06 2.2342818068029332e-06 3.026301962048242e-06   
363 3630 0.0013575241242361914 60.95003929780734 5.209561559302757e-07 5.2095615593027570e-07 1.5426059820530947e-06 3.3186659198499482e-06   
364 3640 0.001252437547230252 61.51543075279192 5.209561559302757e-07 6.6529314593348147e-07 1.3159337615632673e-06 2.098749506873497e-06   
365 3650 0.001085563618184891 59.912177636457876 4.916097746333138e-07 4.9160977463331380e-07 1.3084541112709831e-06 3.4889252913410368e-06   
366 3660 0.000998440071823645 60.10233364594306 3.305229408322952e-07 3.3052294083229520e-07 1.029942647119278e-06 2.35707028414915e-06   
367 3670 0.0009844753063501504 58.413169628324916 2.1908784726766475e-07 2.1908784726766475e-07 6.302397056042783e-07 1.968818254702426e-06   
368 3680 0.0008947307584814946 56.67641810020915 2.1908784726766475e-07 3.0330424830747283e-07 7.117978368065903e-07 9.380699180073848e-07   
369 3690 0.0008694549963191191 55.787187922815775 1.0899593457695632e-07 1.0899593457695632e-07 4.510171031720211e-07 8.935753368203243e-07   
370 3700 0.0008333425968942075 58.626755069045075 9.354935879656842e-08 9.3549358796568419e-08 3.3296325549903167e-07 1.0643374906844276e-06   
371 3710 0.0007749968533378328 59.75284680719338 9.354935879656842e-08 1.5944576356158639e-07 3.721902601506923e-07 8.437862781793759e-07   
372 3720 0.000701186442463071 61.703657208113675 9.354935879656842e-08 9.7053221518288975e-08 4.7073429768680333e-07 9.256298371012876e-07   
373 3730 0.0006225140255471612 62.25256228013182 7.176651657108015e-08 7.1766516571080149e-08 3.3888202347758773e-07 9.026413240120895e-07   
374 3740 0.0005829126688276699 63.9216624280432 7.176651657108015e-08 7.5457119152765125e-08 2.2791127502316622e-07 5.349749420383112e-07   
375 3750 0.0005124853934425886 65.78426736618896 7.176651657108015e-08 8.0418901166453381e-08 2.434971947202458e-07 5.247294460235259e-07   
376 3760 0.00045535339379019325 66.60076851243059 3.5595928761791006e-08 3.5595928761791006e-08 1.6489739502531263e-07 2.684943019780949e-07   
377 3770 0.00040978583486955323 67.15089237388334 3.5595928761791006e-08 4.3683718923253583e-08 1.6108670853702918e-07 1.8052361444131024e-07   
378 3780 0.0003760374621174128 66.85976497851935 3.5595928761791006e-08 4.4171956822718350e-08 1.271144817436579e-07 1.6093365134336432e-07   
379 3790 0.0003477898512084145 69.36566292365647 2.6511569991995216e-08 2.6511569991995216e-08 7.107248934042421e-08 1.539342796040873e-07   
380 3800 0.0003172354849397779 69.21713837303697 2.0812079954643093e-08 2.0812079954643093e-08 5.8101310404377246e-08 8.24587055329438e-08   
381 3810 0.0002764980894412199 70.8056663868163 8.982837664282247e-09 8.9828376642822465e-09 5.0822745974399034e-08 8.717565967253795e-08   
382 3820 0.0002624460541370981 71.12336790656201 8.982837664282247e-09 1.3096348607390389e-08 2.9338223766082203e-08 7.589501206224923e-08   
383 3830 0.0002514466271413216 71.57722506645445 8.982837664282247e-09 1.4160333378385002e-08 2.8513725732385137e-08 7.101441934698813e-08   
384 3840 0.00023857605115443822 70.97289004941219 8.982837664282247e-09 1.1492861750627645e-08 2.61204661755652e-08 4.81476623649608e-08   
385 3850 0.00021075670847994974 71.9510414505427 4.371027038405511e-09 4.3710270384055113e-09 2.0166113513777598e-08 4.143846268655044e-08   
386 3860 0.0001919018157758368 72.80589545570105 4.371027038405511e-09 9.2807348855156361e-09 2.4332131797485154e-08 6.314087380781245e-08   
387 3870 0.0001790436133742755 69.04331124757597 4.371027038405511e-09 8.6707415722186220e-09 1.6722782976449795e-08 2.1685753666962197e-08   
388 3880 0.00016992069736109788 69.71999156176118 4.371027038405511e-09 9.3543343597996687e-09 1.7214948313772134e-08 2.2321815709995924e-08   
389 3890 0.0001617833476039678 66.76517960802053 4.371027038405511e-09 6.9278228886870990e-09 1.0693211575208515e-08 1.9666654002661578e-08   
390 3900 0.00014851305187239542 66.37546275454201 4.371027038405511e-09 4.9915065717183996e-09 1.2679494997181034e-08 1.7872878131046226e-08   
391 3910 0.00013451246673353603 69.00208678085366 4.371027038405511e-09 5.2992745385108408e-09 1.3009485566926538e-08 2.191573876222043e-08   
392 3920 0.00012399773900486014 67.23202903952357 4.157873119572767e-09 4.1578731195727667e-09 1.2116725726543596e-08 1.9261256947763216e-08   
393 3930 0.0001190502923360907 68.95790626871688 2.627157274877633e-09 2.6271572748776329e-09 8.950830032402321e-09 1.5373935847418233e-08   
394 3940 0.00011206470445480054 68.58850878819707 2.627157274877633e-09 3.9143742966201339e-09 6.756729074056364e-09 2.0012841412250592e-08   
395 3950 0.0001047240968941435 71.31682826732543 1.9525586915714722e-09 1.9525586915714722e-09 5.242134511325301e-09 1.0471012923479805e-08   
396 3960 0.0001013411896667142 70.08975506058162 1.094572269279101e-09 1.0945722692791010e-09 3.897116750459128e-09 6.467832395590402e-09   
397 3970 0.00010206873948249764 70.72939278723099 5.080424329542202e-10 5.0804243295422024e-10 2.4147287560714246e-09 4.345623371733971e-09   
398 3980 9.376411736724238e-05 70.71387695821441 5.080424329542202e-10 8.0662037388421728e-10 3.5320705332097605e-09 5.999179595325016e-09   
399 3990 8.997855445349977e-05 67.26892956556924 5.080424329542202e-10 8.4917638018542356e-10 2.2906481280408776e-09 4.15161957795826e-09   
400 4000 8.758586620405311e-05 65.27644884838854 5.080424329542202e-10 1.3009171472415857e-09 2.53403445372344e-09 4.679455027459147e-09   
401 4010 8.34329795635207e-05 64.92977083825782 5.080424329542202e-10 1.1880599054649268e-09 1.9401300504700913e-09 4.5156545807080814e-09   
402 4020 7.670612782508586e-05 64.28790170643464 5.080424329542202e-10 9.2859383630621964e-10 1.9701560647615663e-09 2.9036215630430865e-09   
403 4030 7.294037648148287e-05 65.72788628599444 5.080424329542202e-10 5.4090022999938567e-10 1.4582738714674242e-09 3.650764632014227e-09   
404 4040 7.187451965406577e-05 62.56331403463648 5.080424329542202e-10 8.2378513868842311e-10 1.8715215024101733e-09 2.81306362283394e-09   
405 4050 7.052029367199301e-05 61.307343375526 1.1926556970992178e-10 1.1926556970992178e-10 1.402217231257428e-09 2.5048660138939437e-09   
406 4060 6.158480597026824e-05 60.93288153049968 1.1926556970992178e-10 6.5982492838129537e-10 1.2915749131617112e-09 2.569152175007073e-09   
407 4070 5.537296628506749e-05 66.11149296551089 1.1926556970992178e-10 5.3217019105186774e-10 1.0189225450051276e-09 1.975548332423472e-09   
408 4080 5.3330533007176135e-05 67.74266084400855 1.1926556970992178e-10 3.2550249623910990e-10 8.570712228777753e-10 1.5442813765628027e-09   
409 4090 5.127965456805603e-05 68.59150522261768 1.1926556970992178e-10 2.2084776419693864e-10 5.740098373820459e-10 1.4806433873794831e-09   
410 4100 4.6839199819151e-05 68.8990763907405 1.1926556970992178e-10 2.3127079947892079e-10 5.726389959753585e-10 1.296820315384796e-09   
411 4110 4.075663763424715e-05 66.9613194194667 1.1926556970992178e-10 2.0999420652179670e-10 4.714478391176325e-10 9.290053628700357e-10   
412 4120 3.6893019770735756e-05 67.43482229785565 1.1926556970992178e-10 1.2472826266058932e-10 3.4701329383559235e-10 7.124114598555819e-10   
413 4130 3.4442131647875604e-05 66.66036292064152 1.1926556970992178e-10 1.1943191354532002e-10 2.2832373429686038e-10 3.24639746085094e-10   
414 4140 3.0809959341749747e-05 63.14028727346617 1.1926556970992178e-10 1.4793427445912174e-10 2.5260168510644956e-10 5.007989479386007e-10   
415 4150 2.6825543034878784e-05 63.02669993896961 4.9491934173550784e-11 4.9491934173550784e-11 1.747047388626937e-10 2.314207872953014e-10   
416 4160 2.4934867957218456e-05 62.21897432693324 4.405013333402557e-11 4.4050133334025572e-11 8.222813849064308e-11 3.7318360759964015e-10   
417 4170 2.2849320509306105e-05 65.26530823987225 6.486729608010023e-12 6.4867296080100228e-12 1.2845342333986486e-10 2.297560275503118e-10   
418 4180 2.057225602204748e-05 67.06409464270743 6.486729608010023e-12 2.2110673274196759e-11 7.401688059431259e-11 1.4402791059878476e-10   
419 4190 1.946775305921734e-05 65.8933680877476 6.486729608010023e-12 2.4521910016281510e-11 7.17731473485812e-11 1.1319673480250591e-10   
420 4200 1.8505804941868222e-05 64.88674366335705 6.486729608010023e-12 3.8625656395636467e-11 6.191712269841198e-11 9.28105504792828e-11   
421 4210 1.961901978605701e-05 63.33691500600984 6.486729608010023e-12 2.9420742003558287e-11 7.948431969332953e-11 8.991951888271636e-11   
422 4220 1.8791596735762583e-05 60.3035459540638 6.486729608010023e-12 2.0727913127900372e-11 5.721801219034865e-11 1.4596468171816667e-10   
423 4230 1.9362245994523595e-05 62.562488527542946 6.486729608010023e-12 3.5900187152531638e-11 7.300543796434442e-11 8.717991127287265e-11   
424 4240 1.7471115355515087e-05 66.098532465566 6.486729608010023e-12 3.5145367321084576e-11 6.604264993153649e-11 1.3319041179405905e-10   
425 4250 1.701615867644802e-05 67.6175256024438 6.486729608010023e-12 3.5846272727163249e-11 9.597555205291932e-11 1.188271100037682e-10   
426 4260 1.534910717358262e-05 67.77514300039756 6.486729608010023e-12 3.5127557843803315e-11 7.666757149040445e-11 1.2335397201973564e-10   
427 4270 1.3690083583606536e-05 68.44232312992064 6.486729608010023e-12 2.5740661992806395e-11 5.3516873111293155e-11 9.822912983573648e-11   
428 4280 1.3404663736026502e-05 69.2469062942035 6.486729608010023e-12 9.7240330784640990e-12 4.336193755923943e-11 6.42164127796077e-11   
429 4290 1.3301344420246792e-05 67.02426512143384 6.486729608010023e-12 6.9108774119156703e-12 2.645214634828101e-11 4.570301819950118e-11   
430 4300 1.2911817994319755e-05 68.94836718326907 6.486729608010023e-12 9.8752162502074723e-12 2.5439101291628392e-11 5.589815331373494e-11   
431 4310 1.227404354321338e-05 66.45810969745683 6.486729608010023e-12 1.2041539016331697e-11 2.6151018341199467e-11 4.8524931019660345e-11   
432 4320 1.1453501228831801e-05 66.70314466108904 6.486729608010023e-12 7.8993872972459781e-12 1.819079328256418e-11 3.241098769995041e-11   
433 4330 1.1081546245471928e-05 63.17635016247127 5.278755934211086e-12 5.2787559342110860e-12 1.910042546198997e-11 3.3905344789699815e-11   
434 4340 1.0340041393380249e-05 64.78045192311312 5.278755934211086e-12 9.0003795039228594e-12 1.7949424523991728e-11 2.6726583451090687e-11   
435 4350 9.949662344124673e-06 63.39083006980798 4.454550999012435e-12 4.4545509990124352e-12 1.6184258760702402e-11 2.4944123503475528e-11   
436 4360 9.858015367398624e-06 61.542692629397855 1.3543325895687351e-12 1.3543325895687351e-12 1.5679173732765302e-11 3.26459680476813e-11   
437 4370 8.740649369407961e-06 63.396988238581166 1.3543325895687351e-12 2.2412056823141703e-12 7.659074983969899e-12 1.0444605109349985e-11   
438 4380 8.255975364935465e-06 64.48637849178796 1.3543325895687351e-12 3.5955700028934182e-12 6.69375159012496e-12 1.1562924492328405e-11   
439 4390 7.669099239940044e-06 64.25665039479863 1.3543325895687351e-12 3.4702301358087730e-12 6.075523871132951e-12 1.0168661845431779e-11   
440 4400 6.687423912527052e-06 67.3375246931819 1.1517254165414477e-12 1.1517254165414477e-12 4.809523610284163e-12 1.40793807062414e-11   
441 4410 6.854758648303981e-06 66.47570776810588 1.1517254165414477e-12 2.4290190256444516e-12 5.446500867282705e-12 6.6871438349859206e-12   
442 4420 6.626003345761303e-06 62.11955218462418 8.627987667146806e-13 8.6279876671468062e-13 3.4955511983061076e-12 1.0840266910597596e-11   
443 4430 5.799043569583774e-06 58.74042295547326 8.627987667146806e-13 1.6878420977338856e-12 2.7277056175564103e-12 4.109357421528267e-12   
444 4440 4.904665692911363e-06 57.569766162529874 8.627987667146806e-13 9.2508899203613314e-13 2.5247918832290295e-12 5.3078827134360584e-12   
445 4450 4.198453389352002e-06 58.42513981680307 2.877890928261595e-13 2.8778909282615948e-13 2.2750944617593425e-12 3.2185640161390586e-12   
446 4460 3.890329446272964e-06 58.73724080775567 1.7236149602288582e-13 1.7236149602288582e-13 1.2091270878182287e-12 2.17308351613861e-12   
447 4470 3.426271532657211e-06 58.87835101868846 1.7236149602288582e-13 2.2009195410762626e-13 1.0575495160041235e-12 1.9049580325795017e-12   
448 4480 2.9368754831454935e-06 61.75578966135604 1.7236149602288582e-13 2.2459353311869748e-13 6.806898973556197e-13 2.2132936549605684e-12   
449 4490 2.813691382845671e-06 64.60147127407957 1.7236149602288582e-13 2.9066008108481232e-13 9.042758218660622e-13 1.2089858110269475e-12   
450 4500 2.378429391907198e-06 63.56957514805066 1.2510812918352614e-13 1.2510812918352614e-13 5.585850764899118e-13 8.972321399121893e-13   
451 4510 2.198362636149241e-06 66.60875003196085 1.2510812918352614e-13 1.5446776753751902e-13 4.303292159199344e-13 7.332784816486645e-13   
452 4520 2.0601630212830926e-06 67.8575853098152 1.2510812918352614e-13 1.2699428716692452e-13 2.5438815861118553e-13 5.629935473562347e-13   
453 4530 1.789070817534235e-06 69.16305938378231 5.76793538543042e-14 5.7679353854304197e-14 2.672565170205851e-13 5.539537711470289e-13   
454 4540 1.701800071009033e-06 68.88834601688524 5.76793538543042e-14 9.0955177447267904e-14 2.0206649935539327e-13 3.5133077219443547e-13   
455 4550 1.6045454498381114e-06 73.16814418980123 5.76793538543042e-14 1.4362336515966579e-13 2.337313847081207e-13 3.2754712005661983e-13   
456 4560 1.4024518647296257e-06 73.5449697887952 5.76793538543042e-14 8.5029607925363686e-14 1.9319477209941683e-13 4.0737978834600504e-13   
457 4570 1.369676967618598e-06 72.6732581362773 5.530322539973646e-14 5.5303225399736459e-14 1.198835763118605e-13 1.9249819452228749e-13   
458 4580 1.3197218105764825e-06 68.19363853958399 5.530322539973646e-14 5.9363144410600537e-14 1.1394968920742562e-13 1.4485495340585747e-13   
459 4590 1.1748139940768798e-06 64.19412631306407 4.117894730034631e-14 4.1178947300346308e-14 1.1721635972879546e-13 2.332554056761854e-13   
460 4600 1.0488808842801436e-06 65.4095326049734 4.117894730034631e-14 5.6092833197404873e-14 9.479742336472508e-14 1.3437905208867127e-13   
461 4610 9.194927840918823e-07 62.882218127994875 4.117894730034631e-14 4.5103880450782139e-14 7.006042673878845e-14 1.1202976060818647e-13   
462 4620 8.235857248332422e-07 61.371340492641295 4.047932699790942e-14 4.0479326997909420e-14 7.269490466006976e-14 9.65755271728557e-14   
463 4630 8.349145049796357e-07 64.75431647563325 1.373396281064075e-14 1.3733962810640751e-14 3.551428099554158e-14 6.648126443355226e-14   
464 4640 8.409501394961179e-07 65.15001681892838 1.3017355392194553e-14 1.3017355392194553e-14 2.158045651238938e-14 4.380517151422318e-14   
465 4650 8.815884598777822e-07 66.45826583587142 7.85832493904382e-15 7.8583249390438195e-15 3.5540502385675236e-14 4.4742776243944455e-14   
