% # columns="iter, evals, sigma, 0, fitness, xbest" seed=115408, Wed Nov 11 00:46:12 2020, <python>{}</python>
1 10 0.43961669335239884 0 61.77204850195367 -0.537112367374504 0.4154098528564374 0.4157344138848002 -0.3380236177965854 0.24527052773207286 -0.14704967549468498 -0.3472131981467375 0.12018107509514833
2 20 0.3918516377662533 0 68.11839119648486 -0.361186197906895 -0.21508273325801547 -0.37983972573234326 0.10352709275776745 -0.08287461578039282 0.32085667106842614 0.38913051039148244 -0.17854421991604252
3 30 0.3627038370690238 0 53.15961995428947 -0.8132322232107358 0.16750428673828482 0.23040236359777083 0.14437416487905616 0.2887876380353823 0.07161042911331236 0.31202468522641097 0.06807156929964733
4 40 0.3421867378342948 0 39.76513116247822 -0.5593172011715525 0.5513693279342362 0.48053459036762225 -0.0010880158231950376 -0.2614458696122126 0.28421524057245157 -0.171207475354004 -0.03000440536026755
5 50 0.32597332787791494 0 32.22940403693642 -0.5094741547366672 0.12177310013746379 0.10707815792330064 0.026411821067496538 -0.34418391403368753 0.11960821034006644 -0.16278107353030163 0.26520328268473425
6 60 0.3066107529079716 0 38.69032131793654 -0.8078008895044021 0.6518405366727043 0.41047741087559464 0.25837753884744613 0.011039846237323764 -0.0013598927789369164 -0.04711562461461667 0.5496204126169395
7 70 0.29733060614162865 0 25.539005308452715 -0.9471842863738115 0.6843395189932807 0.5260640456471573 0.445872725253028 0.3120398884386649 0.34144784801350536 -0.06776035216550416 0.0887275981440758
8 80 0.3014470609540928 0 42.30221793468788 -1.1071835941056858 0.7841811559870212 0.39509812730824584 0.14431077262177658 0.16538226848267382 -0.21104171876401673 -0.06451256806182193 -0.028138699324950084
9 90 0.2949015022998636 0 79.80277693713317 -0.31789614988841475 0.31543625090400845 0.46263598677964524 0.4476299279692189 0.17046246590927105 -0.35951870999671 -0.11441155251975804 0.5503035099677348
10 100 0.26125127798210246 0 28.272042179084746 -0.7696497589248781 0.6467433921416632 0.463821794776485 0.32038530589392955 0.2508974686277355 0.1970459094476792 -0.2956281774021326 0.30160638988582
11 110 0.24674901385030942 0 46.52031486099579 -0.4301845828165726 0.4312327330668296 0.3748072323848154 0.37151011364076914 -0.11158432846423622 -0.08596370951774122 -0.3523277027210795 0.32462095305817157
12 120 0.22080783799399625 0 29.85552878463589 -0.4477178747350052 0.2829366070507667 0.04501432202012112 0.36748905620217026 0.16821220207418558 0.3036602060259611 -0.03797226540051285 0.03784166037058778
13 130 0.19418457661910338 0 31.800304485018994 -0.4443684189103254 0.4177870616326069 0.44194594933270787 0.16203324607618053 -0.018106564007227044 -0.019146818400316915 -0.34561337261744335 0.1588702035538304
14 140 0.1770124589139267 0 30.96664255154489 -0.4536780178606023 0.4060868051235361 0.36558461223488115 0.1305898381852183 0.16576521080909912 -0.2591350889950652 -0.1175004621968871 0.15300835067799018
15 150 0.16593666497049395 0 28.73247742969702 -0.5712761930479131 0.3423998791996199 0.36852965642832464 0.2305163606961495 0.08933222013114624 -0.26727447116868874 -0.16935195796896296 -0.025619393789395067
16 160 0.16131404065560723 0 19.24128838378209 -0.6838236218554858 0.2986108220038543 0.1287860789454931 0.1519064196712528 -0.03640199287528109 -0.18457029682764034 -0.0784974913362453 0.09967282486484534
17 170 0.1801598905935928 0 16.34920547640864 -0.7433512642123361 0.42788441551761364 -0.028889131915818378 0.047634905039851516 -0.0382678697857995 0.014918763643656185 0.11496214012578655 0.07797527908783362
18 180 0.17814114761174757 0 13.271433225913444 -0.5909996381579987 0.34929918234310986 -0.021796104254783177 0.0511308342244804 0.09991129191270967 -0.07189397457615386 0.1364043125282473 0.012714218204123579
19 190 0.15958710465689102 0 12.808508543416936 -0.5944698052196079 0.27898419054038026 0.1473053869286918 0.02599149341086915 -0.06470033660890115 -0.08868624624427161 -0.1309479996322125 0.06379919575221404
20 200 0.15735428560083772 0 10.354858167290892 -0.6048909869074445 0.29567546937845446 0.06309322044146372 -0.10552988501915156 -0.023089032616981704 0.003474596545173042 0.008900592291753606 -0.053179970112991554
21 210 0.14979738150898472 0 9.851238169557021 -0.5086133384582765 0.34104265645799686 0.13103122349852 -0.041270548921319705 0.0338398021076398 -0.09428082548200835 -0.016778387607846123 -0.012287391627524215
22 220 0.15056796588391996 0 13.163677466706604 -0.16434115713293684 0.18541247219429627 0.07942531080998472 -0.09088026588009034 -0.02536600299821458 -0.043164291905412766 0.08624766789903324 -0.1133382417281251
23 230 0.14136413294708655 0 11.953429713774987 -0.15814504249411887 0.22029223188833053 0.1103101738436404 -0.05744601861730568 0.060934019048335605 -0.015148313372762692 0.011175752394870897 -0.03792044214018289
24 240 0.12414603898978845 0 11.132988160894625 -0.4728667388305481 0.21524494316753168 0.14562424733509252 -0.12839408769856236 0.012373797059147065 -0.023260477596319454 0.002754746681292058 0.019925072344158006
25 250 0.10811752390753449 0 8.548025447807026 -0.4106248378187166 0.1721228933045209 0.0521376515550351 -0.004685729764734298 -0.07003760525734985 -0.03221323856444725 0.03884135691894508 -0.002687733711470644
26 260 0.09365547461685696 0 8.458678398938208 -0.3596920317769244 0.19429467246280455 0.08193042909900719 0.00678174500230733 -0.03730937902192438 -0.017578364233794688 0.011554576306728431 0.048933419209239125
27 270 0.07867316138784626 0 9.302230319707938 -0.34429150923612717 0.20099177479608407 0.04899700612360073 0.014059541705582108 0.06984328269644612 -0.057915824950013156 -0.025857903327869997 -0.05204600385925316
28 280 0.07059450715493387 0 8.63325064868302 -0.358908435565691 0.1778932769420008 0.005500263953902365 0.04122301043631059 -0.02602551531460039 -0.02500000040546039 -0.039281015061033125 0.050334376633236394
29 290 0.06411530971123838 0 7.9385718955435625 -0.3391878972056648 0.1313420903873608 0.06021299055511871 0.0068802093818165835 -0.030338600362840203 -0.023568828445573103 -0.01315929440757288 -0.004317444945660071
30 300 0.06461131380044823 0 8.261560873283795 -0.21712773727515242 0.06659153591563385 -0.014909812772622669 0.05090043902609949 -0.01446962640982717 -0.06470764615251132 -0.008203141892786812 0.003079293481344378
31 310 0.06653225865854427 0 7.757367750353069 -0.24093287716712086 0.06709721499712187 -0.013344087339161682 0.06246895916422476 0.021577418141736134 0.005428134107544655 0.02877358717283595 -0.007641356008058285
32 320 0.06048461092063164 0 8.063513094642076 -0.2539768562808765 0.06351784848226898 -0.007994647908899276 -0.02556870614480035 0.0194650806682154 -0.05097315186410154 0.0013487275800884747 -0.03215371644514817
33 330 0.06167645533726936 0 7.589237461172377 -0.09791059654108142 0.042369573154111266 -8.240684512626772e-06 0.04802698932132099 0.0466681152356342 -0.012240373308703456 0.0053336891790909296 -0.02806842357244714
34 340 0.05715896142223268 0 7.520521391229903 -0.1729283865939921 0.06481105875623402 -0.006491231343139579 0.04250918091639266 -0.006375014027665046 0.005411799474515925 0.021139620421863604 -0.010704662090953103
35 350 0.05569684513309997 0 7.615949322412166 -0.11421875699211025 0.009738033156890043 -0.04270898983159482 0.03520712191965296 -0.007383954349995465 0.01392861697944667 0.03693697814932221 0.007435813818903233
36 360 0.05193807714801681 0 7.3718754278580905 -0.06370308065390598 0.01845678705987317 0.02779486081379761 0.05499160975924804 0.03140816449097582 0.006593439548229215 0.03023762053045073 -0.00821820158029507
37 370 0.047550691884335854 0 7.739748353020582 -0.0871039258859049 0.01169203818555636 -0.022391402584023418 0.07465008782817087 0.01066864948415846 -0.010351129287131465 0.03469598350785158 -0.010118455260025975
38 380 0.04141639395749385 0 7.6547880975136815 -0.12017701173511408 0.03197538967970549 0.0005965687587143106 0.030398265300611377 -0.0019438947723025013 -0.028080150766061282 0.012183153075993741 -0.051959539435650584
39 390 0.04037286879329968 0 7.305683279136778 -0.0631891140065445 0.04449130539889543 0.015166138292289088 0.03429667474534149 0.007348646305544981 -0.01816365904715847 0.012309567631092606 -0.011460559838849745
40 400 0.041711612836549096 0 7.230762312837884 -0.006036439119713521 0.0031246943485924925 0.0037323282560808597 0.040216696032109964 0.03017893040503434 -0.002493648477064391 0.0008149121813997712 -0.03470895583294058
41 410 0.03951573722714775 0 7.171827188088243 0.011510775735806437 0.022268589479261594 0.016076185022121842 0.03635113614415695 0.016756536341972512 0.007523494668413792 -0.014915178718864842 -0.032207967806453165
42 420 0.04353770062990227 0 6.983424055991329 0.11488478254424819 0.0011734632802339572 -0.007460325573453394 0.05394635209134509 0.019075030637125266 0.01694386586048891 0.0032270003129671442 -0.007231521364369931
43 430 0.04585898400296252 0 7.19059154239369 0.05761014818980316 -0.013644046011340907 -0.025926975621594427 0.014889714611893482 0.017598592567052804 0.050558623284917614 0.010031904877184337 0.0003185526067606345
44 440 0.04906698331993047 0 7.188978163153532 0.08198118822463037 0.01539389056859159 -0.009280813545726865 0.027831730564642533 0.04139599524027132 0.06242008126588247 0.02082788555805665 0.002642920578448553
45 450 0.047021584004962015 0 7.0815131593752225 0.10614093370721578 0.01609068192116153 0.00584212671743141 0.03043152903964802 -0.00285357204160519 0.0639232964889986 0.02192082939224016 -0.008378915942677787
46 460 0.04385741569140313 0 7.153875621700367 0.09156603693851194 0.0073490887974322055 0.02471374113711735 0.01728019384627775 0.01785094174227775 0.050810116651957324 0.045041487008943074 -0.02864484144578298
47 470 0.038241548957005406 0 6.858585718584866 0.1220938417622897 0.023790021761365805 0.016609500357023896 0.003833332187700173 0.0173618301807709 0.0447398366575626 0.006156216025716343 -0.021283194286213475
48 480 0.03757410930700598 0 6.823022058723894 0.126502924017792 0.021185631699773538 0.012990352788897683 0.027575671278018174 0.03075351473200442 0.029377734308315435 0.0286846376761012 0.013241024569466395
49 490 0.03807120216493817 0 6.895381576348897 0.16419154506356354 0.04234649173426085 0.00577835723765637 -0.001461883154156133 0.019302874053417084 0.03387885504665526 0.04679511335695498 -0.0296174808356515
50 500 0.035928188011610844 0 6.779197748638463 0.1775683422040572 0.00992340628220189 0.030753267267690544 0.012184424889429075 0.031023072362755033 0.022476147927939054 0.02681662600031036 -0.0033451771342687207
51 510 0.03545437864498262 0 6.691055497822465 0.16967650958149136 0.036535372890572924 0.00586022609147137 0.024984386950625707 0.026180568793293658 0.03374905462733847 0.024804035831932005 0.0028035475306979907
52 520 0.03405535423233792 0 6.663364562908068 0.22428994616570536 0.04164825140094022 0.011892834374710566 0.014348624241869222 0.024085347571852017 0.01869586574477517 0.02819250016807226 -0.03528784868587172
53 530 0.033647524377301695 0 6.7851043591947615 0.21914802979795037 0.03673623865403922 0.03742374537030824 0.028462599164080712 0.012926197582531874 0.05180133874051697 0.0035042959828117393 -0.011471486634347074
54 540 0.033912812300237516 0 6.58124873151535 0.2021510553783591 0.05449834742932092 0.03312671967542305 0.023459413840807377 0.02430825059842807 0.021860324965468338 0.01562819016114543 -0.0016171907041568935
55 550 0.03515631737624934 0 6.737935812169192 0.21742687495910643 0.051113311591885535 0.06167035631853504 0.010496882921116274 0.01889012804985265 0.026527035521332575 0.018940387923611388 -0.0029509280477947927
56 560 0.032934207551872936 0 6.460191229570166 0.25566503155714415 0.06282627178148506 0.017241462304340517 0.017749277531504584 0.011133507139350254 0.037903127870969916 0.0170155891191682 -1.4379174833932182e-05
57 570 0.03126230242845066 0 6.515569552702615 0.22485575343687172 0.046221826339719045 0.0174421629692156 0.02649710997542508 0.006339377653553871 0.0011902753141687476 0.021049708387904344 -0.007950917853594763
58 580 0.02837779929046199 0 6.540129918994312 0.21275322282297685 0.058953125407656314 0.02754304727540774 0.009213255730000473 -0.007231131600439715 0.020720870998580707 0.018023157267966296 -0.007953871236691881
59 590 0.02740551472861258 0 6.555166966686771 0.24939540072335104 0.051327564026437365 0.026395005765715678 0.009622695275761834 -0.02180819804384558 0.021878488418622534 0.011451048089556111 0.005545311417751537
60 600 0.027508185869872876 0 6.483183414659083 0.2626300016878404 0.061598824661361545 0.0368852061807488 0.0011021610122861642 0.0025153851361682644 0.014269285140731664 0.014405966934748703 -0.01963085122932273
61 610 0.026415482567294177 0 6.502645609628835 0.288337183715362 0.06555351923798709 0.03907762868188201 0.023303985346963204 -0.014566865606368145 0.00039095506204910556 0.007424452002933741 -0.006467524500888477
62 620 0.024041989253535418 0 6.492859658544479 0.2582888677973965 0.04826513802630402 0.030075884229060473 0.022189682949596723 0.008878709762598622 0.0028574187799362484 0.01670071886524537 -0.0064836051329463735
63 630 0.02560272313724298 0 6.359069930792346 0.28161862451617115 0.0730391627393323 0.03214146228598774 0.022705263593009447 0.00978139687928559 0.009869750492783264 0.010444171840187165 0.0014165587740501084
64 640 0.02992514185838889 0 6.306874899369175 0.3080068492278327 0.08116864385228764 0.0290052996841042 0.018072580027517417 0.006269318362347614 0.004195770443662831 0.004650248201864554 0.002836731398045249
65 650 0.03244192551521481 0 6.34890986820497 0.26868548162607964 0.07909835938257036 0.011270777638861015 0.016108390239469104 0.007356949278790423 0.011188801258591683 -0.0027454042046205 0.00271062896184649
66 660 0.030256608648969233 0 6.287997170387231 0.3092275533795094 0.09100270545133449 0.03955590362065175 0.015150586466131415 0.010273187252676196 0.009330404341824798 0.00562061314918604 -0.004803797977692472
67 670 0.03327479478882502 0 6.287194517010272 0.3298587621716503 0.10279044773053199 0.04399746090899051 0.011326634542675223 0.011647584156856298 -0.005863487436000094 -0.004820642671191438 -0.00023990902433829262
68 680 0.03418967338349892 0 6.240168349257276 0.3363294013549934 0.10714236164271747 0.020100138781693297 0.014493259538225653 0.01809183397835605 0.024013872466514853 -0.010213175281585486 0.005839128510359367
69 690 0.03789615069734381 0 6.240494959254411 0.35721710718829636 0.14022169038829374 0.019454036916066834 0.015745703930523682 0.024686447543832722 0.021264530079723853 -0.022631264244052707 0.009305972247693778
70 700 0.04124958792474047 0 6.173695573612478 0.38610251491635383 0.13156509947583406 0.00808038439460549 -0.002771372390134053 0.027986249669346666 0.018678215713073487 0.010816794743373038 -0.007407378633402768
71 710 0.04199777391379955 0 6.146923322625797 0.34537409694797905 0.1380698872336146 0.020110924680125618 0.014004164786639448 0.021019843945980877 0.00966171472839924 0.013662864590795989 0.008484917871434952
72 720 0.03837790300211276 0 6.0921447793714645 0.3851561408925984 0.1461508654718988 0.048839370724020795 0.006735387100159823 0.019082602399804378 0.024856322550796457 -0.0023451640699877277 0.003137719900995542
73 730 0.03714565022677122 0 6.054048791658092 0.40002914788721483 0.15755103283001268 0.021247670834774857 0.013317364676830437 0.0222994903301959 0.029286486325379984 -0.0007965048223018355 0.005051846838906176
74 740 0.03933734007628152 0 6.134290376798216 0.4257844297089428 0.1755527263350829 0.027618838191848682 0.026516402702183847 0.005873816632067884 0.0075264728111272446 -0.030021094534933367 0.01764263272238473
75 750 0.03685197350492002 0 6.099084132000822 0.38297803884970005 0.17875314399636272 0.026158373393366866 0.015640276201691353 0.00781839400989123 0.003438044449004791 -0.005067838705392687 -0.002744300441563326
76 760 0.035257699731415355 0 5.985095974345669 0.4098583544218959 0.18605798798829185 0.03598748197263162 0.005932398109141097 0.012783696158992063 0.0032343183013056956 0.0014432782716081744 -0.019791107902574035
77 770 0.03385725790917194 0 6.0063764308441305 0.41388058796680005 0.1754877167106362 0.03173518560536232 0.016391148473873022 -0.000537508644140941 -0.0019966032164569717 0.004328302853061319 -0.023158269458895916
78 780 0.033312334448901186 0 5.871854727313525 0.44742918333975235 0.19916963718249853 0.04768228003886597 0.013220295100295609 0.006533095620565913 0.0015012594436411009 -0.00870701370282119 -0.01120747067890367
79 790 0.03652364799009346 0 5.895041083251087 0.46574007372204174 0.2224727488303785 0.06954381972020508 0.009129827311079327 -0.014823111968957647 0.024093942879023913 -0.013953042723785225 -0.0038721138681425066
80 800 0.03983708619884544 0 5.747213571250313 0.47731651534027064 0.2356152902438495 0.06291193127730972 0.0005991995671502937 0.009561967082361969 0.013674604405052374 0.009498534000651867 -0.016931622009885086
81 810 0.04287783216716282 0 5.762949424814288 0.48504964062854966 0.22005645572643068 0.06433911484822948 0.011015705674086976 0.013974205324460412 0.01959325104423542 0.014558096166791129 -0.0033291077044130847
82 820 0.04750354153290469 0 5.7056115030211645 0.5476767922721186 0.27128948637773126 0.07095337610755706 -0.002381736773244438 -0.01037754701910834 0.013159555162095802 0.013820240038492013 -0.0005200255039383512
83 830 0.055129162804683364 0 5.573117317497439 0.5666712606295373 0.30849546363296354 0.09094764573559921 -0.010643977290080394 -0.0030225253756106813 0.012918681806052329 0.01912065406704682 0.010273013772676826
84 840 0.05641931522942778 0 5.67135691238202 0.5942264802808231 0.32773813236604094 0.10198113971932987 0.0039931605030092306 -0.02562319831211496 0.0183533199353261 0.03250403195537253 0.019164430218453005
85 850 0.05432441864938365 0 5.68153794647128 0.5290332589175436 0.2990280606030988 0.061510714543261166 0.00845710704818535 0.003692493925668934 0.018896270650289558 0.00979165028742293 0.007925114064883325
86 860 0.055996620917744266 0 5.72176244556206 0.5762135732473088 0.3193366119617505 0.0958930698507274 0.034973013733546734 -0.010656364211854568 0.025376436332181375 0.05235200578110684 0.019851663408648426
87 870 0.05550009557367388 0 5.6026436213259245 0.62837576701305 0.35697985936139753 0.12180199743773581 0.01822608839023288 -0.017427926717161264 0.0027883980054102166 0.038898918100926785 0.019247787823083076
88 880 0.053627549908726285 0 5.672901328043373 0.5419917566968746 0.2818107649650638 0.07324007641813503 0.01402928551404301 0.005184662584255701 0.01317547323635586 0.04385135076696975 -0.003046284627708791
89 890 0.05239197785871862 0 5.532244589659273 0.5845455212130942 0.34882632368058464 0.12124698490292074 -0.005251289765274624 0.0022569287567214477 0.026161962700857376 0.033420690690946234 0.024301877731330964
90 900 0.0530672353917348 0 5.480384302033608 0.5985969113467985 0.3469194814582851 0.09572427763445504 0.003071188254861453 0.025997563322821285 0.016569873779908297 0.010329103269655998 0.0076086825939435335
91 910 0.0479772842898551 0 5.560509931654811 0.5720237750548793 0.31604400453112763 0.0944792788996918 0.009137858503641018 0.022722081461258165 -0.01336277754500416 0.031364486178840766 0.007600637031232508
92 920 0.045372646044762724 0 5.64383352933877 0.5287491817905673 0.2749227943534711 0.10451567217157316 0.01362627334123052 0.01825232957256594 0.024200908674652535 -0.0070429757984864505 -0.009442994880573841
93 930 0.042566795734039035 0 5.45453671734621 0.6129952379190856 0.34450655538231656 0.11655297961944425 0.01964669498181381 0.008990681897422316 0.01762266280620256 0.03337016672394472 0.006297080397287658
94 940 0.041516710163379794 0 5.3650342940146345 0.5980027433503474 0.35492210172109784 0.1383881891492281 0.017834337134324346 0.01814513425174748 0.01935574427304488 0.02488070833527679 0.024985146063773247
95 950 0.043907917181963615 0 5.344486163304418 0.6246189283175428 0.3911077449718655 0.13876586028868 0.01573283015279338 0.008307352600240701 -0.009983514747258691 0.03966991703515931 0.005917751738441208
96 960 0.03912607393436369 0 5.341675090905781 0.6069718934960497 0.37593192354697946 0.1206054420993586 0.010851609237215945 0.007898832107470747 0.021436224798058377 0.008267194747534758 0.011394842441041102
97 970 0.04125981176194127 0 5.217120315962867 0.6175736901176304 0.3887848000889022 0.14871447031112495 0.01347246614968046 -0.0010118384232732196 0.009427265337490345 0.006347636886606575 0.004825819762318969
98 980 0.0424864808813116 0 5.186042487631595 0.6251853647373964 0.4057186217428342 0.16572523451883173 0.013691777122459281 0.007962347833155737 0.00935524943854128 0.0004355253418511073 0.005522775842261988
99 990 0.04172640656007806 0 5.2040453637408275 0.6392843664871936 0.4147041378878058 0.16664265023199262 0.01047753557986272 0.008447594258603724 0.015083287932802173 -0.003906913505748846 0.017068695971323253
100 1000 0.041043766916950046 0 5.189769325645292 0.6334171563366982 0.4275586161486686 0.19274013868935735 0.016401697487429884 0.004946492345201332 0.020964772460815212 0.005621461407074275 -0.001024967426349251
101 1010 0.03785674484183209 0 5.0981606279653935 0.6633951117626202 0.44370011569806894 0.19239895952203537 0.014045400963962704 0.008820803738685263 0.0067521532053358355 0.022669036504121644 0.00932567576660734
102 1020 0.03573137978413756 0 5.112260483627436 0.6652237528830784 0.4318822300185599 0.18993883545279683 0.01735376164930189 -0.00019395173772654775 0.006875540711892279 0.007495765787302593 0.016193739942703518
103 1030 0.03688510095292326 0 5.064382895069135 0.6590160384476875 0.42666229128519856 0.19172495433095021 0.03649973232538447 0.0017049203833093725 0.021307806395867802 0.026957330848991073 0.00823915398722896
104 1040 0.0390412732830489 0 5.070203920496875 0.6884835757678767 0.4472906696159716 0.21137372835207058 0.029881900622347968 0.009912829087997123 0.020357435753969748 0.02059475501606157 0.010138863699314073
105 1050 0.04163465238804996 0 5.000615762838415 0.6982702512259271 0.47572891070764567 0.20296863885795674 0.0336461787013157 0.02013622514298329 0.013644295679235832 0.02206348578499136 0.0026170611446495254
106 1060 0.0377594167009941 0 5.0090048999693355 0.6898112744779316 0.48226769771801964 0.21604941172731557 0.021105922562744454 0.00813072228856949 0.01293404036315571 0.010998019993335448 0.006940125310020944
107 1070 0.0371019146073115 0 4.948553816577211 0.7237128437975681 0.5008812345801436 0.24110650350746848 0.03181093399862027 0.0044679291296033045 0.00966200354278356 0.017739027934142896 0.002015086972156725
108 1080 0.03710147228219511 0 4.916077922730826 0.7033108854221255 0.49483841769951503 0.22486684639110383 0.03519104808804106 0.011698001944856663 0.007494263174568663 0.004115848414117648 -0.007696401334765812
109 1090 0.03692671224145859 0 4.869525617736792 0.6973912852366492 0.47778681660365374 0.23251253298132735 0.05556637229490627 0.008661862505995759 -0.006047119238134402 0.014477686765628942 -0.014299239346094653
110 1100 0.03756294256913992 0 4.841947559578497 0.7261695050624826 0.5147199928816022 0.25267214919061737 0.053302315256910385 0.008560068595246474 -0.0021387717830842344 0.031774910138081175 -0.006275635843368923
111 1110 0.039170146725771245 0 4.835949566290164 0.7048419257838553 0.49204009492084916 0.2455224913179495 0.046390108584170184 0.019221651939586738 0.009492220635981659 0.018889915616556733 -0.010157422369812256
112 1120 0.041210410931194465 0 4.8336460064746 0.6997631453728991 0.5132143284858126 0.27063781588783303 0.06752640400069067 -0.0009276534050488058 0.003545736761790423 0.025537170433849444 -0.015879179112261
113 1130 0.047252701358518244 0 4.752087180797696 0.7356902804857977 0.5289142138504292 0.2951990265102264 0.07598018373931846 0.016691854736721537 0.018097391736177186 0.040198721296409896 -0.0041625802234967375
114 1140 0.05390101645985788 0 4.708062387693641 0.7126691949203134 0.5394375692097032 0.3069310941894759 0.10689012898047118 0.014409550616135714 0.013041212872734891 0.013984581046049053 -0.019874506990174613
115 1150 0.062317367675701056 0 4.6969846740028895 0.7450730508451483 0.5435261930169227 0.28559168477185803 0.09124139626780871 0.0264908043074065 -0.007118554026137253 0.03395122450372787 -0.006334752511688229
116 1160 0.07277937661386041 0 4.659294973372243 0.7485658612346993 0.5728660637781546 0.3198865723429237 0.1146281627292676 0.03367523828906135 -0.004253037972618355 0.04860365527976805 -0.0007014232152624273
117 1170 0.07839005139795752 0 4.449058019473965 0.7628565220939832 0.5757346393646642 0.3319085674684855 0.11013077094771748 0.03320520162151064 0.008282028777050683 0.02092572618265749 -0.0024996230877300184
118 1180 0.07323521582167328 0 4.703354335184597 0.7840544390601072 0.6026043848101221 0.3794943300570475 0.12544535003782867 0.0517163740621276 -0.009710639857707707 0.05016201249703595 -0.021256488025684403
119 1190 0.07500567058977337 0 4.572148452071959 0.8043181572108625 0.6269610100566035 0.38576554173382793 0.13684406096706603 0.04900732670359319 0.03812446822469112 -0.005367553979657987 -0.038508896853252636
120 1200 0.08045508748250794 0 4.494246696313225 0.781452393098388 0.612992545397715 0.3916776405713515 0.16736938050171524 0.023446530604293487 0.003818620490608283 0.0001354921570360587 -0.04889789043859931
121 1210 0.07793826491358405 0 4.392537746651456 0.8006115372920607 0.647401831192955 0.42132286118284606 0.15718563703481836 0.056206935877949546 0.019570080106931634 0.0015837894791270735 -0.04027217848450485
122 1220 0.07112700602222519 0 4.337344699112778 0.8057671848021986 0.6475849060734011 0.4241457834267654 0.16138647195594158 0.048739031452299054 0.007974261167413491 0.009439130119044212 -0.04114861643149552
123 1230 0.06446184027411168 0 4.426354050517522 0.7992821728953792 0.6599668859976732 0.4292724686347275 0.17976301734481742 0.0695886266419001 0.0007171076880129745 -0.013463727176640568 -0.04120132796684853
124 1240 0.07116071333173593 0 3.971156881104866 0.8447523355467422 0.7108242187428834 0.4974304854926956 0.24787748437114626 0.07032393633283972 0.0042800973575509525 -0.0008654168007894841 -0.041560135010100696
125 1250 0.07266219423386952 0 4.015983032124923 0.8198055496363731 0.6922144966009399 0.4657015792105387 0.22832582307193874 0.04913574613974642 0.0016428195256193937 0.01574509806785357 -0.019929237561209723
126 1260 0.08081725453131165 0 4.182833356381563 0.8863592851351536 0.7578072015775639 0.5321169116778701 0.2680993648971921 0.08171074153711701 -0.009912872966332986 -0.010757937601961155 -0.037976851572073984
127 1270 0.07462531853793715 0 3.9776753266498224 0.8264981728977312 0.6863457357251236 0.47260625782013044 0.21582235071803993 0.04179691054586382 0.01932407359344873 -0.006863052162115808 -0.013020963084081273
128 1280 0.07382315263300679 0 3.9249773601891267 0.8538413372932239 0.7563495442121029 0.5401375900798571 0.3015459132368645 0.08655777970902567 0.005583655617911924 0.04287854549088335 -0.01650928278701952
129 1290 0.08191265159299031 0 3.8501653661894686 0.8314551542643023 0.7051609786459476 0.5282008923803838 0.2781574905705316 0.07885407137818004 0.03908479236039568 0.01909560366963889 0.005853022296101521
130 1300 0.0850916682494825 0 3.774675317460781 0.8894425323326226 0.76844109493602 0.5674344577942577 0.3306028328467571 0.0973008300948525 0.014533574568746661 0.03286123940680146 -0.03307808161449742
131 1310 0.08268856120910083 0 3.978273183291968 0.8635934843948155 0.7437078614841616 0.5412985698963125 0.33843922975402696 0.0940159543455854 -0.002530903350318872 0.037117952521038194 -0.026784498391498133
132 1320 0.0742077218427602 0 3.6778739269881355 0.879982561794759 0.7563399113103364 0.5561381061956362 0.32147607758133373 0.09773736808104622 -0.0063633602872270436 0.004942552496572782 -0.016146408587463065
133 1330 0.07150058234921405 0 3.7448960551461665 0.8505286597659524 0.7452136605537935 0.5682303864564826 0.3297936379914648 0.07535134625363782 0.01191281605337689 -0.001529344455467846 0.005397451452810601
134 1340 0.06634813672234331 0 3.5328684834434814 0.8655548775068784 0.7498539443574546 0.5773809353849023 0.32644108642709224 0.10306483070728115 0.02037980369217647 0.005771494524120551 -0.016101706686466467
135 1350 0.06399985070154474 0 3.462678898164614 0.887990846998865 0.769225285823142 0.5847357063952684 0.3497427042776369 0.1136258707933362 0.015245065601560854 0.009147596265487857 0.001133884827866534
136 1360 0.06419015815592698 0 3.45120354554908 0.8985787174657442 0.7848955312556007 0.6074154424020837 0.3799854810986736 0.13374526181504853 0.00959141384656113 0.007796418700665693 -0.02131622269141467
137 1370 0.07256383623647038 0 3.3506636263474823 0.9145213100478113 0.8260889759648717 0.6821091516176989 0.4401550749819285 0.16612966716104607 0.030791442608857463 0.0027811403080873097 -0.03438473927639566
138 1380 0.0711745218695282 0 3.3841697739460024 0.8905349394681299 0.7907080224808275 0.633609502391423 0.3901587514453429 0.13885570494395624 0.054868777577336714 0.03219044697121157 0.003696143288664848
139 1390 0.07239969662895368 0 3.3349639430741407 0.8748387382807127 0.771980551300785 0.620554710072968 0.38698724078650704 0.14799331456568934 0.04174641013255203 0.02221780716214369 -0.0015514638644329509
140 1400 0.08212032348795549 0 3.3760821262525162 0.8896302704888368 0.810066535614158 0.6646266467064 0.4679310100870504 0.1799064044628504 0.020177731352912634 0.028155775298606432 -0.0011214868447466466
141 1410 0.08220701861282784 0 3.3512847541554684 0.9101882536163347 0.8226375321525854 0.7046351189544846 0.4669527662853833 0.1892934539721417 0.032107368942162935 0.04036593237656077 -0.011807051583564127
142 1420 0.07498631157555134 0 3.2213380629515918 0.8923698591756943 0.7952702019433561 0.6659977305472807 0.43472497637709684 0.18320959315470392 0.028546125871265177 0.018534729852203335 -0.006677516544825869
143 1430 0.07000166441557654 0 3.2174660148005065 0.9008447276791892 0.8030796494702919 0.6653931087507323 0.45292253577424213 0.1761149844346462 0.04747285744078356 0.012834011176387036 0.012482314585850873
144 1440 0.0637834902898235 0 3.148519416487627 0.921770517577605 0.8289754972736562 0.6947545793843571 0.4597147036162257 0.19055557757631963 0.03800713209043564 0.023663913325393658 0.0015797391679889475
145 1450 0.05910940932151807 0 3.2391350883907277 0.9115330633404544 0.8219570157855237 0.6775868712240294 0.43320138014937354 0.18679230768846697 0.026616818690755117 0.019511130918508018 -0.029014869369060392
146 1460 0.055255632766160655 0 3.060583566144697 0.9147064362862437 0.829084775954127 0.7077674018317573 0.4847631807977256 0.20881262005882267 0.05191728571642587 0.014238167732529282 -0.011789787507172567
147 1470 0.05662931073663715 0 3.0298255190648504 0.9239327767123702 0.8490449139866358 0.7282933674689985 0.4974200809686406 0.2255949384319545 0.05146771906541227 0.02814120098824886 -0.0034145506695307352
148 1480 0.05660090259574306 0 2.9620224273072893 0.9142657390704744 0.8303074840299152 0.6987890759907235 0.4837754535910384 0.21722564861090346 0.06301823167317427 0.030449434320994187 -0.0014523627540682362
149 1490 0.05605869175737356 0 2.9688856245375295 0.9227684600665552 0.8411440188028609 0.7132523536829997 0.48700991919617614 0.23569232904927076 0.04973230636189535 0.03247172060351795 -0.010877902097688172
150 1500 0.05733505107342522 0 2.8801952320547377 0.9184359717211296 0.8414549496506832 0.7151897711580916 0.5096096785892175 0.2568152783260881 0.05600012752580661 0.040524699254019636 -0.006316662342058296
151 1510 0.05254969566108815 0 2.894041271403845 0.9203497675417505 0.8442919201736786 0.7287439200121808 0.5092055291392749 0.25111823292339824 0.06132302907599999 0.03190381516665984 -0.008870634031369106
152 1520 0.04576070852708256 0 2.8988952464941917 0.9243263524873464 0.8466187149767712 0.7117304443378226 0.4984015737850158 0.2386063307507551 0.04841015441220571 0.028229326877415552 -0.007126550263315672
153 1530 0.048402569406676824 0 2.796720751852178 0.9129368428575081 0.8401509995680484 0.7285941600678677 0.5360749570158003 0.2775566590223003 0.06651822868042685 0.020550015537369282 -0.012394297579425496
154 1540 0.048170128061910386 0 2.778375142047848 0.9169561024399419 0.8423250889787819 0.7183237787790842 0.5217954893213886 0.2648208800825834 0.06652565676114265 0.004763376376405046 -0.013397615475153163
155 1550 0.05288665953262933 0 2.7464987191130676 0.9381516102968632 0.8681681456769601 0.7532384313174402 0.5601573050965756 0.28156082870781307 0.08119110039147258 0.0071458273288468495 -0.0032796524573134606
156 1560 0.058367308095229664 0 2.739310261451376 0.9264814186879078 0.859467421339263 0.749768549469304 0.5658320971054149 0.29793419472919785 0.07532233055936279 -0.004049254199408239 -0.012746547912437255
157 1570 0.05992881814674712 0 2.8844336058365254 0.9111646171898425 0.8238881836283041 0.72213009395707 0.5411898565592164 0.29199549494806115 0.08212904380553726 0.009680397762124385 0.0027090828112324196
158 1580 0.058308841956026085 0 2.6633588085613487 0.9239982086572613 0.8489348724421899 0.7310148138523124 0.5562931878615613 0.30634632360866476 0.0876093072778942 0.02745885062886709 -0.002526498481785409
159 1590 0.0592600602228848 0 2.651768430464667 0.928878939930485 0.8521403998283908 0.7342985385455135 0.545253421273567 0.30495050417767355 0.0891051930000225 0.034723342504668464 -0.0033270940368519005
160 1600 0.05818329125871217 0 2.5616466662489183 0.9313951067999495 0.8762560022007446 0.7598341305359684 0.5867911491270656 0.32779664717993834 0.09937811744493258 0.004717444400154612 -0.0012997689019595491
161 1610 0.05623173322647199 0 2.5672178428072305 0.9327657006198623 0.8689030434176429 0.751142832469513 0.5699313256202078 0.32690795183859384 0.09806730135135969 0.00048189730388320876 -0.010789511673911291
162 1620 0.051233317304897434 0 2.6356840230417156 0.9266276504044878 0.8502499800129883 0.745359754428201 0.561226848344029 0.320301751486458 0.09647132425934755 0.0010855081654600933 -0.0020129282913761816
163 1630 0.048687832012306975 0 2.5355464757503112 0.9423126461772787 0.879017699341371 0.7805383864809532 0.5886632164536283 0.3416051163233759 0.10617604824995447 0.009667869133224918 -0.01286960742083711
164 1640 0.04960565354846486 0 2.466580280864756 0.9367464661644388 0.8693975813897468 0.7837319241020548 0.6088492970599825 0.37248726978345104 0.12225274218651858 0.01855443119057657 -0.004442307091848555
165 1650 0.04558001613022324 0 2.509746790276918 0.9322620662526674 0.8746683587170938 0.7795627356979989 0.5895358486698515 0.3406672296922953 0.10853352769824229 0.01249357274767944 -0.0008682537400712129
166 1660 0.046183142760219974 0 2.464824818030319 0.9384108158371187 0.8806483163206024 0.7715081458148672 0.6055928530526398 0.35363419690381864 0.11300737181269783 0.007956468760900877 0.006331531666283831
167 1670 0.05036639275172478 0 2.4310500617640307 0.94285784854004 0.885299877345546 0.7886481767288028 0.6278631741344681 0.36786019319558955 0.12756365503073527 0.017035228005873232 0.015042419346697953
168 1680 0.061747617809402584 0 2.3677418781459796 0.9564728572769371 0.9048899862199361 0.7952989880166972 0.6317785545408391 0.3962747701318396 0.13803303162071923 0.030551796831361246 0.013801371618865948
169 1690 0.07197123990582036 0 2.342518944571625 0.9531386874166659 0.9053438276627173 0.8063260365602601 0.6403934122545295 0.39524350560922794 0.14723892707876612 0.0334617225144312 0.026637283315875122
170 1700 0.07731400441132566 0 2.3075481345496716 0.9530927568169342 0.9050616547617397 0.8225182213263131 0.6671350446678521 0.4250796501908389 0.15985595236495806 0.03915167176417189 0.030077381826174025
171 1710 0.08794223699203961 0 2.2115411944866903 0.9571238928848379 0.9178588810478671 0.8277660948294352 0.6802972172262478 0.4661112947359155 0.1888469809365431 0.05283717836963911 0.03366577989824729
172 1720 0.08885702055481337 0 2.240445416570453 0.9514504362591091 0.8987145817068919 0.8111031374399948 0.6609530800824122 0.43193540045559536 0.1660464768984487 0.028395215017341276 0.02610643595706575
173 1730 0.0869627560744759 0 2.2460125490707648 0.9610321100821739 0.914708072160924 0.8267216772892517 0.6839440523703084 0.45472106474656554 0.1867622299517295 0.0377308436485715 0.03975349863274844
174 1740 0.08109812712326561 0 2.1476451976169635 0.9549379203958954 0.9113919867015852 0.8303388378711828 0.6766121704557927 0.4541595639727118 0.1886181437790384 0.05443696172596058 0.029317283976837832
175 1750 0.07604627549874134 0 2.1762330056770978 0.9531120598771665 0.9007255906865043 0.8247458132479608 0.6780743312641891 0.4682676256535235 0.18584237913971585 0.03538074532839842 0.011385247594155525
176 1760 0.07224369337317704 0 2.135870659053814 0.9587333241816275 0.9099560919744286 0.8279761110169263 0.6830889581328117 0.4430221429456335 0.18855087032022563 0.03660765132989844 0.018202820261386934
177 1770 0.07199387341498313 0 2.0355328599407017 0.9581453083374879 0.9297738888099464 0.8555756825153205 0.7160151454135844 0.5020734574378488 0.22015972547403176 0.05239275544229765 0.013407813196359038
178 1780 0.07156811762961224 0 2.1223202850192657 0.9473878222916503 0.9074914354041247 0.8459901244702501 0.7164067963146317 0.4822748147264473 0.21436854235063554 0.05096883734642258 0.019627443505050204
179 1790 0.06693168755111618 0 2.0029564120294805 0.9603889977264533 0.9141257960486825 0.8338828514548744 0.6951560943730513 0.48340044626700956 0.21492972502460972 0.040445213872414676 0.017132605868693907
180 1800 0.06222482426825417 0 2.0312154829140825 0.965276192167209 0.9298835358075238 0.8633502400087734 0.7307863689243498 0.5177918171959527 0.2324972497528161 0.06383491475242598 0.02673266981902451
181 1810 0.056483585905799986 0 2.0185057479548205 0.955288459078977 0.9083681896689875 0.8421608386121621 0.7180354715583435 0.5028922973090604 0.2274831049832134 0.048072155077549555 0.02049748595868279
182 1820 0.05009254916872553 0 1.995509473208206 0.95831925228862 0.9229906962259607 0.865855214407708 0.7460270667854672 0.541610532383813 0.2547244575985122 0.061434770806247915 0.028933690306257337
183 1830 0.04544706933430139 0 1.9825533892708749 0.9581677806876157 0.922225670215803 0.8557113455836798 0.7309495117671684 0.5059489456167651 0.23637959836423328 0.057442591009863334 0.02387819238422556
184 1840 0.047018134479462355 0 1.8888829656746746 0.95437098421129 0.9180693118280909 0.8540490317788177 0.7368634808214563 0.5394456964397871 0.2627137153106876 0.06607348069635768 0.028059143387760912
185 1850 0.04848565503850493 0 1.9185879116040847 0.9554509420925901 0.9135640680918521 0.8550815054075546 0.7216187865295126 0.5275369350080809 0.2590507135995098 0.07088350541609031 0.03347630437459244
186 1860 0.04818536680032894 0 1.8687518131262428 0.9544170642017497 0.9186023057888874 0.8424395462583777 0.7207041621145345 0.5197308871283526 0.2513748151262278 0.06525719737656054 0.02390312792069875
187 1870 0.05163218611127954 0 1.8843952413422518 0.9670442342318508 0.9241878488918621 0.8601851633853619 0.7359088188922266 0.5535960842920978 0.27625040576466353 0.0736926742169459 0.03429184129361125
188 1880 0.05209891178994425 0 1.8236577358752988 0.9683634298423396 0.9347894045258338 0.872793517854211 0.7497349210478164 0.5553961927577876 0.279797396300848 0.07416361570672732 0.030444407848085046
189 1890 0.056167904766545276 0 1.7840568549755407 0.9630343836146272 0.9323495690981166 0.8703075447346083 0.750958870695323 0.5556608014637099 0.2909043071221246 0.08416019720521924 0.04096304595074287
190 1900 0.0631992822056073 0 1.7415673856684148 0.9613079747161588 0.9359296038233434 0.8673447944271481 0.761515988965672 0.5802155748772834 0.31574061105871176 0.09334160085057369 0.042970600654967384
191 1910 0.07154343438096146 0 1.737690204658371 0.9667766734939152 0.9450948745671951 0.8874754971128815 0.7876771003579178 0.6183073368753758 0.3551026714501767 0.10249433476537367 0.0510510036381156
192 1920 0.07497890848450946 0 1.7490085485133884 0.9678050339592463 0.9434871165098868 0.88601267596857 0.7852422666968221 0.6182738543212983 0.3536436098073483 0.09931730826063412 0.0493685702574623
193 1930 0.08131980331191242 0 1.6819824964107717 0.9753421393602237 0.9437954299364134 0.8837337727973281 0.7690790884498839 0.6094313058220195 0.3517590650931126 0.1306658473299169 0.0597971253736451
194 1940 0.0844271138308769 0 1.7300579494057389 0.9785359981355679 0.9486012541743768 0.8924364012311743 0.7745841639701381 0.591329574321737 0.3459554302006992 0.11309487983934965 0.05847793521386717
195 1950 0.08800030916897571 0 1.6142520707455743 0.967799325147225 0.9558209469481903 0.898782650067781 0.8118978350875882 0.6543243454679182 0.39837826892028266 0.15079988965713917 0.06806784193682636
196 1960 0.09147908663393842 0 1.5344203870625264 0.9718905619584757 0.9431359395507773 0.8738342536256842 0.7813617974489991 0.6336847377897354 0.40223668553685676 0.15334359597088337 0.06108561697522761
197 1970 0.10194236087130164 0 1.534894114197197 0.9692582581345859 0.9518582353856923 0.8820534173041381 0.7908319423100617 0.6458394553395747 0.42601306847660875 0.1970283987639168 0.08477922494167817
198 1980 0.10517990328559582 0 1.5473546945691443 0.969374539049439 0.9592520709327613 0.913477006124957 0.8377061589316208 0.7245431454819864 0.48333312560692343 0.1947609910688889 0.06950746088441101
199 1990 0.10885394184426615 0 1.2970429401255519 0.967724060401453 0.9637277302705212 0.9162337157072652 0.852723522632191 0.7280879547516169 0.5022582707595586 0.22898596956676934 0.0856818998719771
200 2000 0.10823432946311977 0 1.4408839503016422 0.9479043272287245 0.940640104195073 0.8931111895435051 0.8204523615685079 0.6709570847711758 0.4479019865299497 0.20508915554561571 0.07473038018429644
201 2010 0.10440475184008384 0 1.4288724749055275 0.9640281201788695 0.9589879839246379 0.9189270984271412 0.8494763876650359 0.7001481565159322 0.46757398826603425 0.21428988618038983 0.09243100892511405
202 2020 0.10300987484057837 0 1.1400824997600505 0.9728070805922893 0.9621309588357011 0.919795589422087 0.8516897303696801 0.7145037182871519 0.5031761420669159 0.26503251742590145 0.11244857011599052
203 2030 0.10454463287813566 0 1.2425435340818454 0.9764652816917824 0.9647790514737131 0.9284599141551749 0.8856922717011764 0.7526985899608242 0.5484185379334426 0.28039595793898503 0.12280319955777905
204 2040 0.11003792934263135 0 1.1092866121331313 0.9765794814049976 0.9618807375587001 0.9441016268728285 0.8988640602901434 0.7930108743322389 0.5856399594300651 0.3185857186844753 0.1328604861686802
205 2050 0.11340629731606845 0 0.8682705534971207 0.9790350861689043 0.9645995804589919 0.9514452043952023 0.9008961447911011 0.7875920174023331 0.6120336226860837 0.35023535136469913 0.14777766046323998
206 2060 0.10868979658464716 0 1.0665754871393376 0.9749412133801728 0.9652890175291275 0.9448041023912735 0.88115968715655 0.7496154073130823 0.5443904033442624 0.29123351769650113 0.11911025228325965
207 2070 0.10710155005451137 0 0.8635377004339582 0.9767032179939089 0.96112440110784 0.941843021133386 0.8773815362350916 0.765996366816245 0.5830646417394763 0.34109556205448455 0.15242324776932903
208 2080 0.10694362398298037 0 0.775899865451582 0.9824423054652296 0.9574646321040867 0.9404461841090861 0.8779576718176844 0.7748266992582873 0.5900776360847028 0.3649515499595055 0.14952004546352327
209 2090 0.1046324927616889 0 0.735085496999469 0.9830507682333635 0.9729641286112762 0.9578197022535265 0.890529033262629 0.8009824807894902 0.6311268845818627 0.3761633063989217 0.14073379305047487
210 2100 0.09583994357659292 0 0.8050472300401115 0.9719032205369519 0.9584394416971155 0.9443670139708527 0.8807528797989491 0.7637637674444502 0.5989335490752444 0.36018094850208054 0.14474289024445347
211 2110 0.08690736429868502 0 0.6972288995640901 0.9910340322991719 0.9711943311299198 0.9562653268411927 0.8879051050576849 0.7864582946350268 0.6249888174732924 0.3879346579561611 0.16324522728103186
212 2120 0.08283790056842137 0 0.7265502367387834 0.9854759342259023 0.9557909261441937 0.9379427855645226 0.877471935774119 0.7826420111576022 0.61217038729375 0.37923879368306784 0.15820725212360512
213 2130 0.08426751258464153 0 0.5376667518799461 0.9831174789605286 0.9698917890055423 0.9548933479429575 0.9119553872560212 0.8279936761368692 0.6725443209156433 0.4366760564629639 0.18149521313582687
214 2140 0.08344248500824997 0 0.5310861631251087 0.9867394485534315 0.97177188895434 0.9559459983247466 0.9079397168656566 0.8116130998652356 0.653123931077044 0.42912563853023855 0.18154564987171454
215 2150 0.08319603658823005 0 0.5812138069317556 0.9991771031718228 0.9807710002362702 0.9617820062592207 0.9250924486768817 0.8390843510826032 0.6922291546058081 0.45243611575250264 0.195239952178628
216 2160 0.07456078503829479 0 0.588463877711371 0.9978740852664396 0.9770573653751877 0.9531714032744849 0.9039527194811079 0.8144826567013399 0.6515700809502946 0.412348832412615 0.17928827592638277
217 2170 0.06757998100792505 0 0.5263691917112725 0.9848693811006529 0.9693511162001001 0.9432077693178216 0.9004839271195929 0.8192081701902311 0.6633096225879365 0.42845793041981267 0.18368762716511502
218 2180 0.059676261564052584 0 0.507488408036064 0.9881989921026606 0.9675953328885954 0.9467765243499008 0.9023946071299832 0.8162251596901964 0.6752053220278075 0.44395612671755624 0.19799475296171665
219 2190 0.059169951304142494 0 0.5429190871560995 0.9905147984997225 0.965691470334088 0.9430478805154693 0.9012159349014414 0.8171423796878319 0.6665776619134461 0.43416845436732715 0.18395309349388106
220 2200 0.05286761788683779 0 0.5387009694050662 0.9864100831664804 0.9669350673426368 0.9507981331515144 0.9020420829725702 0.8151333590687201 0.6723339378776385 0.4350678051426016 0.18741639738866986
221 2210 0.04873397013721328 0 0.5301309257646185 0.9834819258099826 0.9643553073326487 0.9448556329034641 0.8994923213185718 0.8250969552281482 0.6865190223342508 0.4562768845808754 0.1972641876265276
222 2220 0.04505784316260668 0 0.48532018436120333 0.9932774013954803 0.9727663162553373 0.9523365742806986 0.9049898851069487 0.8195586813253591 0.6801968824868556 0.45455520114126197 0.200435487247099
223 2230 0.04539008077038359 0 0.4876163803943485 0.9883523008188613 0.9709810143158485 0.9440385568146348 0.8981533069666617 0.8107661700752624 0.6647502594458291 0.4482291355691979 0.19790996192991933
224 2240 0.0473778102379572 0 0.46726130845641756 0.9934941019445641 0.9776940516747968 0.955940360763702 0.9086663361052585 0.8230433958949624 0.6836654799176409 0.45646814910332767 0.20425177078586532
225 2250 0.05341933861992268 0 0.44634021490301723 0.9843440463174277 0.9729728346039812 0.9519405318243749 0.9103008849876857 0.8387540523802144 0.6976858184917311 0.48576789582080615 0.21769912824889467
226 2260 0.06441354350833371 0 0.4508072127427134 0.9801449346345725 0.9762255450602849 0.9540003289378222 0.9175944874756635 0.8452493201241793 0.7069240889344346 0.4858838265416417 0.2255900034256323
227 2270 0.07119853622105718 0 0.43433137251543974 0.987503455550874 0.977930194203632 0.9490337122449792 0.9151624798815717 0.8412620694709378 0.7126092889634299 0.502631355538217 0.23389720429323296
228 2280 0.07830046397660596 0 0.43950359821235335 0.9875237613752044 0.981160705937479 0.9567351795785225 0.927765651432926 0.8508870987236069 0.7079831159718369 0.5091268235701685 0.24531881565732933
229 2290 0.07709097791268398 0 0.4641084156544979 0.9821076689939598 0.9779630150266613 0.9510768999711848 0.9227284666764523 0.8370934178048667 0.6990436846535572 0.48728937403202843 0.23728841065842202
230 2300 0.07919285457623453 0 0.43244939973139884 0.9876302020958373 0.9878498439496649 0.9635553696859496 0.9283057095024616 0.8446061177377449 0.7112264428192683 0.514498100710924 0.2526620663633413
231 2310 0.07994897315636298 0 0.4391277925843704 0.9973137540828135 0.9914000642410197 0.965116577006097 0.9367913003870925 0.8531074774987328 0.7271130475695259 0.5304402511314715 0.2666564739038934
232 2320 0.07622852413484028 0 0.5045679614624115 0.9949967521702064 0.9881730960976922 0.9557103013332174 0.9164190841179288 0.8249591014203296 0.6822999658651845 0.4822170005172147 0.22918207202127233
233 2330 0.07214076354986113 0 0.46485831926640897 0.9879380321424691 0.9784185161141709 0.9502362512706334 0.9143186666644395 0.8265066279961062 0.6796532417761965 0.4698916621129676 0.2132568754179947
234 2340 0.07046185170836111 0 0.5141449373930693 0.9850129426176358 0.9744675264610535 0.9502547179208971 0.9188895977835866 0.8406217694047866 0.6924303205603847 0.4955868007800235 0.22214347643828
235 2350 0.0724887228704782 0 0.4959809018063551 0.9813232490860049 0.9739781763626212 0.9465733039365222 0.9087507538494585 0.8325749813260823 0.6776304246422542 0.4707038399534717 0.21853477569721622
236 2360 0.06709069657340547 0 0.470566802704015 0.985091132338863 0.9809559163325283 0.9578848626747143 0.9292409235123189 0.8614543521900825 0.7202893713475351 0.5107292521965144 0.23960794744067157
237 2370 0.0641719613668628 0 0.4288500205418362 0.9860094282668864 0.9758042325752011 0.9556846871981685 0.9314629599893981 0.8512903589157226 0.7201500843201166 0.5198871870716961 0.25409960136121656
238 2380 0.06287668957664132 0 0.41020849138687154 0.9913372147466671 0.9816453970825336 0.9634435561356474 0.9320830335971491 0.8582335292335618 0.7211149693772817 0.527373162352793 0.2579815524377768
239 2390 0.07223321990706436 0 0.4284713793399438 0.9868407084794454 0.9747055067581775 0.957269555164413 0.9265324271872758 0.8558457710880106 0.7144001297910736 0.5269789984517785 0.2643728890451575
240 2400 0.07640513230963479 0 0.430678174669438 0.993788399835511 0.9776398090326913 0.9634667143754428 0.918474136929091 0.8398969573990146 0.6986410797569862 0.5052270076571962 0.25403917823999383
241 2410 0.08118227045506457 0 0.3628687714244147 0.9906321599398824 0.9788270210298446 0.9631264142700922 0.9196409180553011 0.8535468365279488 0.719636890350587 0.519873534714916 0.2703771494226579
242 2420 0.07743306543736345 0 0.37813965010264317 0.9966568506806219 0.9856246054117404 0.9693064989602168 0.9365484386693496 0.8598397645067667 0.7258946069729755 0.5288618339242277 0.2771937240324849
243 2430 0.07571000873216423 0 0.3306466536076914 0.9930562093006271 0.9852221618519671 0.9729995133692174 0.9330789131544698 0.8679626672168637 0.7485525174936363 0.5577690823037754 0.2949820883612789
244 2440 0.07813641816211088 0 0.3274038253237313 0.9961082809460196 0.9892894304616957 0.9715557588461692 0.9349027646306655 0.8663969842797092 0.7417215531938103 0.5529467767431211 0.2961940976085629
245 2450 0.07469666270836027 0 0.3831264905919117 0.9941549569525835 0.9792034072411184 0.9680854071009883 0.9226138612096855 0.8480116622110191 0.7229540320724452 0.5223101549545585 0.28114753221388084
246 2460 0.07206867644719872 0 0.3187891755479288 0.9926047642660518 0.9812163979230025 0.9620249744984278 0.9265060894388568 0.8638549654025584 0.7534857519260904 0.555677404958022 0.298650168532353
247 2470 0.07284620473881229 0 0.3190603126715984 0.994201126938719 0.9871278792138308 0.9640296553963784 0.9242486056370387 0.8640022723521825 0.7505361080319957 0.5611178954483719 0.303337279424379
248 2480 0.07530682411495049 0 0.3136495976456952 0.98837838755185 0.9788278764031888 0.9580952294569905 0.9230221108967719 0.8590285135313916 0.7513861774687632 0.5669670767785021 0.31166614246875474
249 2490 0.07360078218107048 0 0.30220596814043765 0.9967698558317883 0.9835313508129713 0.9640297597569114 0.9272827702749563 0.8642529423720922 0.7608624724705865 0.5810966452851549 0.3272450551643588
250 2500 0.07436513024406483 0 0.29323980715449066 0.9960317221294589 0.984951679744258 0.9651523983473208 0.9330562784235388 0.8807098155531948 0.773567191938986 0.5918074916768636 0.33224614535396957
251 2510 0.07354274613779772 0 0.3057770200000758 0.9996948284999736 0.9870515204972231 0.9652546275256405 0.937574171801164 0.8918367836717311 0.7918951489742828 0.6191845678981929 0.3610600319891771
252 2520 0.07089284368437622 0 0.30823493776564326 0.9973990970352578 0.9828653076953382 0.9643739708845076 0.9249512614870206 0.8619484577740443 0.7515747281733567 0.574529278263249 0.3336283969116877
253 2530 0.07266817548814464 0 0.2612996607027296 0.9976739325327442 0.98842984701494 0.966693316352833 0.932051872276074 0.8746706462178958 0.769862130180215 0.5952622517508944 0.3522625063905875
254 2540 0.07399288755534666 0 0.2638874830811002 1.0001729377575712 0.9881842543808206 0.9695689860886776 0.9400796468323583 0.8961734046558014 0.7921202090153467 0.6187718225615501 0.37566139753467465
255 2550 0.07508093278104631 0 0.2722743114511953 0.9931814305636847 0.9824937412771609 0.9601079390019727 0.9300055442604226 0.8703703129397443 0.7636142775223036 0.5840312720764655 0.345591366904752
256 2560 0.08564797214566923 0 0.24746050514008167 0.9956508715071106 0.9901650046147056 0.968026822107269 0.9508709318295098 0.8983214254395879 0.802095836448424 0.6320273494656256 0.3918214171678628
257 2570 0.08738985911733892 0 0.22908514092580715 0.9996349144425783 0.9949501985542158 0.97494220916117 0.9501113577070005 0.9048756072364937 0.8132775895431303 0.6501605284344271 0.408884254285148
258 2580 0.09573739434508213 0 0.201815586353908 0.9937491118895044 0.9919983268030428 0.9729305844893169 0.9493924121898716 0.907710026815671 0.8114883839263464 0.6651119328512873 0.4367603820387997
259 2590 0.09284360253894354 0 0.23129212441351998 1.001479177326199 0.9977119936291279 0.974784084113408 0.9516336706267438 0.9042639386645236 0.8085955092185146 0.6475939753204932 0.41738976264748234
260 2600 0.08507332015595834 0 0.18786988327389256 0.9937792918726793 0.9909739164685498 0.9730817596812238 0.9522314671968438 0.9020400764732688 0.8118962614729062 0.6605998923057913 0.4264738576607721
261 2610 0.09394262804360745 0 0.18078649865799204 0.9928272190268569 0.990184048134969 0.9746129232262302 0.9538275584400103 0.9049251692589293 0.814926836192749 0.6606982497070213 0.4450981718956914
262 2620 0.10750633929137446 0 0.1767576982817149 0.9914348413316679 0.9876933109703202 0.9771683760365752 0.9552738244012818 0.9244811410261061 0.8378947331653575 0.698808696618622 0.49564583233599446
263 2630 0.1131294662482833 0 0.1950286144100133 0.995461775281222 0.9885167417368622 0.9763414176834364 0.9497655349158526 0.9233497609021064 0.8418090865244512 0.7231386162576909 0.5295798940506837
264 2640 0.1277729232855617 0 0.19665557280307824 0.9950288501384308 0.993600609564103 0.9874145585699744 0.9590963722042214 0.9386812238219646 0.8636637720434303 0.7505402799705537 0.5507944925284459
265 2650 0.12891126309394227 0 0.23287000845671485 0.9914891629084993 0.9869490177582384 0.9814935363669629 0.9497217847099871 0.918762926150211 0.8327799741236427 0.7048044393715489 0.4798055407079538
266 2660 0.12615786023318248 0 0.1324562751791261 0.994031568518559 0.9893322528570642 0.986844649234046 0.9643880405358987 0.9245264718218069 0.859146376690687 0.7279897302855661 0.5278732084649802
267 2670 0.12198472321520203 0 0.09799822188361826 0.9946292473168431 0.9866249131518033 0.9810395803098064 0.9616856784795846 0.9334505286528452 0.8713405064848129 0.7584493536129353 0.5803437015048746
268 2680 0.11890670506628884 0 0.10509727782905016 0.9930180900901252 0.9871103276256431 0.9795585521972198 0.9610874118547396 0.9296107854305538 0.8661714097664696 0.7609983515479429 0.5858205023114226
269 2690 0.10520957500995626 0 0.15353252594646938 0.9937134964136483 0.9889870807204862 0.9783335257079316 0.957589447685809 0.9300058279802553 0.8634384245986 0.7689117430544149 0.5867351742330887
270 2700 0.11635418950424696 0 0.09593288461859867 0.9984706280735753 0.9944965132855805 0.9903298780700438 0.9826768683212612 0.9510456314761376 0.9020707167419284 0.8306686615471108 0.6844456453522781
271 2710 0.11247208833379602 0 0.13049148683787642 0.9946695479297949 0.9924020982758052 0.9820897339056431 0.9596248176934543 0.9285731413032092 0.880076287879191 0.7873717450471959 0.6125310248943711
272 2720 0.10063343063032093 0 0.14831020378861134 0.9938088857798524 0.9939934301041464 0.9811987197762856 0.9616155665036327 0.926360558230399 0.8540763725354786 0.7429965102485662 0.5363752247418921
273 2730 0.09516322144827588 0 0.10747190895343409 0.9906142612894174 0.9912737464929308 0.9830296277401382 0.9746913818526346 0.9496216766307817 0.8919895283317195 0.7929564897438081 0.613918141810757
274 2740 0.08808853027367781 0 0.08724816680224151 0.9943146006975492 0.9929626450295698 0.9886688861145326 0.976478686767708 0.946838732472733 0.8869599540666059 0.7914195382050195 0.6169042401938707
275 2750 0.08103097764393373 0 0.10593973474790239 0.996922654962233 0.9934459439948999 0.9900780900346912 0.9644928026115329 0.9353006724281206 0.8735287766814673 0.7664474498477973 0.5883721026968679
276 2760 0.07177906289329808 0 0.0812508633692754 0.9918474923756466 0.9904508105420906 0.9890617291534192 0.9706974135552431 0.9400760294279433 0.8860698435077204 0.7863667411878409 0.6176345635736105
277 2770 0.06490785082868544 0 0.07901919890450747 0.9928818726319988 0.9952176315018717 0.9862874393451463 0.9683461540276455 0.9398478960318452 0.8845779464004211 0.7850190734380557 0.6134320793877396
278 2780 0.06128682826425789 0 0.0685825297764766 0.9950992378774012 0.9936769124625254 0.984135636461126 0.9712526614672923 0.9437019532792622 0.887357207289236 0.7916201899232961 0.6218316642834663
279 2790 0.06322929586841079 0 0.0495628970710259 0.9963138977426561 0.9922023729563275 0.9883153838047467 0.9763495030622388 0.9549663111006529 0.908533035376978 0.8275018987000604 0.6775281809952878
280 2800 0.06829657330703673 0 0.05320713098383521 0.9962051119302563 0.9922924504919485 0.9840115379671027 0.9730372845080296 0.9483975668518134 0.9026531601434253 0.819760679082613 0.6681794963297215
281 2810 0.06522749218848424 0 0.05382935704267139 0.9958372415195349 0.9935758470883546 0.9886450161892433 0.979273559220606 0.9579936634136316 0.9113844627565101 0.832392569672582 0.6828134167680613
282 2820 0.060319468044986446 0 0.06143774369135424 0.9997536624192762 0.995025538378036 0.9874689835108915 0.9712774414790348 0.9454891667051707 0.8929886439463095 0.8008748115698348 0.6391942168524574
283 2830 0.060728388907857124 0 0.06351933188117771 0.9985408507537584 0.9951833783701839 0.9853070647585606 0.9733146119563626 0.9566159367182187 0.9122911803781851 0.8356216930769561 0.687359437730577
284 2840 0.0586950833971046 0 0.04457081685684419 1.0005223324623373 0.9951019992906476 0.9872382526977543 0.9763090185010098 0.9559278176234877 0.9151076104478595 0.8349578181386778 0.6936964944316137
285 2850 0.06439694939114457 0 0.04756094832361271 0.9979439171495006 0.996108870237799 0.9843338685987071 0.9768030391372851 0.9583375466776493 0.9243231019621329 0.8569975831387422 0.7323620389875587
286 2860 0.06461838504949195 0 0.04032154862870789 0.9969662665243877 0.9955039187035044 0.987538089616628 0.9817546149476435 0.9654050371627372 0.9275682805496567 0.8599112531603964 0.7318433376693537
287 2870 0.06542704162551323 0 0.044953969102952976 1.0030479042694544 0.9970437738881313 0.9878696161415141 0.9792688692162532 0.9604192392189462 0.9245596333535253 0.8526208034801869 0.730115083140539
288 2880 0.06147253693229171 0 0.04385303433394015 1.0001635063637768 0.9991909136632852 0.9906117613866083 0.9801365857995566 0.9609185905181906 0.9273406756186295 0.8543593197975334 0.7233561802080263
289 2890 0.05913235002324798 0 0.03719334290989028 0.9974670347577377 0.9962088100402255 0.9870032060033418 0.9780694037035694 0.9613461173111018 0.926668098059276 0.8618573213611529 0.738209763457515
290 2900 0.05960615073738736 0 0.035186662763293165 1.0012471798777371 0.9998784182245558 0.9955051996687622 0.9900241491513276 0.975413900246974 0.9472894869244974 0.8955517121590545 0.7902248807395443
291 2910 0.06101348367592231 0 0.03519147216593645 1.0022719353998546 0.9992627028583618 0.9920669758012196 0.9828802576442295 0.9709190876185351 0.9413331997070022 0.8907682508254025 0.7852524662868076
292 2920 0.06520649001449284 0 0.0279139618490909 0.99890449119882 0.9966944866020552 0.9913410540349264 0.9799374794124445 0.9669134064014918 0.9367575155375705 0.8811116295335506 0.7792172608540808
293 2930 0.06636728718753962 0 0.02629211503761615 0.9985093865220404 0.9969661528507145 0.9915396421146967 0.9865923589797657 0.9771543039692031 0.947396097729617 0.8967309394236229 0.7983973500224351
294 2940 0.06294061192235666 0 0.020147503512565047 1.0005881723961991 0.997387553222753 0.9936625967822529 0.9842484181307634 0.9730957742282553 0.9472656533979104 0.8983430524594781 0.8031873593284018
295 2950 0.059967796973020106 0 0.017264457882944603 0.9964856623555274 0.9966037875134935 0.9949718963523198 0.9880503796281525 0.977287921724839 0.9533117081955914 0.9079036966937857 0.8184560848181757
296 2960 0.06020141467941564 0 0.01676651481361719 0.999337547781069 0.9974777990790406 0.9951701046674346 0.9861443625513071 0.9752416901960365 0.9543652864892206 0.9089820906195044 0.8300832269176971
297 2970 0.05789034485547001 0 0.011454477269479228 0.9994414955894152 0.9991031323327104 0.9959876576309428 0.9892444833710176 0.9785543127709396 0.961026303974584 0.9214231823192097 0.8474113072914773
298 2980 0.05663730881055476 0 0.01753483525589789 1.00114406309812 0.996233949551193 0.9934947119680034 0.9873689719543394 0.9761898634930861 0.9516121700355664 0.9039348032093156 0.8199066033755356
299 2990 0.054819451358863715 0 0.02148823136868666 0.9989773374177477 0.9961888503341692 0.9967462024374476 0.9888780058286307 0.9739582154254857 0.9472612442831763 0.8955574488620381 0.8044788286346517
300 3000 0.054553741822280816 0 0.016602076591369995 0.999700396807913 0.9960651865531921 0.993767188735482 0.9901908137761446 0.9777442378505127 0.9550654477035208 0.9181558377596174 0.8457289732402661
301 3010 0.05261301658742111 0 0.01182580782850534 0.9989755472753906 0.9977656018285855 0.9965804371800265 0.9919884372806939 0.9797044752148552 0.9595140065121412 0.9230157417500833 0.8486840156180809
302 3020 0.04966522219884316 0 0.011398010409275072 0.9996947768563217 1.000098300023573 0.9966975319731494 0.9900529026780756 0.9790847219968681 0.9595986262758889 0.9196846966924593 0.8454451555154158
303 3030 0.045909783073197104 0 0.01048339985792309 0.9996297744682004 0.9972583692035257 0.9935771454265254 0.9891006380123991 0.9789727141903323 0.9605433704163732 0.9266038965721868 0.8585048435390168
304 3040 0.04553863399852226 0 0.008822026356551608 1.000983033031546 0.9974307994779866 0.9953998294299777 0.9912630018016633 0.9837224157363386 0.9670395641181773 0.9388209499520478 0.8810594402914802
305 3050 0.04352582056377043 0 0.008669062923891111 0.9997806301605447 0.9963793943845921 0.996125561533512 0.9926572924653245 0.9872399147312556 0.9707876211939035 0.9443888346773609 0.8908449064417936
306 3060 0.041141228267994996 0 0.010132841592658263 0.9971205016434099 0.996024712957887 0.9961940980804144 0.9936714099053406 0.9860505977648221 0.9707426057525869 0.9470365133337112 0.8931442000800333
307 3070 0.0372215229125141 0 0.0066763823987692865 0.9993819959250714 0.997973861293595 0.9972806827424421 0.994107355296782 0.9877451913075668 0.9736185635274808 0.950479069197511 0.8989512438562092
308 3080 0.039339516750895503 0 0.0048567216137740754 0.9993346197499731 0.9990846685809385 0.9968948369646025 0.9943443968059388 0.9901095082050742 0.9770791866124776 0.9577693160403058 0.9175327801513092
309 3090 0.036653380353208545 0 0.006515779543600173 1.0004455285006053 1.0008070322590825 0.9975372167269752 0.9949134375945693 0.9876186312776867 0.9742025890081792 0.9495781148881938 0.8988884080675832
310 3100 0.034385619960652355 0 0.0039647172259788515 0.9999525705085404 0.9996035504609543 0.9982117714590936 0.9957708078286495 0.990969369393581 0.9791156764805427 0.9568831279794044 0.9141468866546685
311 3110 0.03385610757240026 0 0.004385184257075618 0.9999453527120237 0.9989563773282725 0.9964309003366604 0.9944124109108428 0.989578257615425 0.9764438442635248 0.9550529719188917 0.9118977501981553
312 3120 0.03255970113720425 0 0.005160580797864223 0.9990228283449748 0.9990969392979698 0.9957136517446578 0.9924811556099076 0.98606280089959 0.9732512808407201 0.9492038584748989 0.9022946276467612
313 3130 0.03260720758611049 0 0.0037855359231862363 0.9991581036013663 0.9993968187748846 0.9976737221810852 0.9964941807670062 0.9930757356209832 0.9833860293609318 0.9653662838178191 0.9347533915726702
314 3140 0.03132906615386674 0 0.0034326899631471463 1.000416675972679 1.0002776102810507 0.9973087069649552 0.9952600858582097 0.9897193075283357 0.9803008155609846 0.9601557201438233 0.9217754018085351
315 3150 0.027815548978803353 0 0.003067076455462033 0.9990586969434858 0.9985680311008633 0.9975070858116923 0.9958164307752604 0.991580206855562 0.980945143568337 0.9631448305725997 0.9253063564778108
316 3160 0.026567807943545393 0 0.0011486234656913124 1.0003304545980578 0.9996793632385962 0.9984948136395083 0.9972017844945945 0.9944065441550907 0.9885080645863444 0.9770739913636747 0.95305470599412
317 3170 0.02574157242108211 0 0.0015225961406812412 0.9997908211863403 0.9993332112664522 0.9988194062138174 0.9975161647503462 0.9933251073272134 0.9865322218597141 0.9734084100596441 0.9458728707229476
318 3180 0.026083504576448608 0 0.0012370933566427486 0.9992723139595447 0.9998271260654842 0.9983268574681845 0.9970186388343353 0.9948485428356073 0.990312801756563 0.9796043464242963 0.9585692981954104
319 3190 0.02848022332449318 0 0.00128297261661098 1.0001299809174782 0.9993249580986926 0.9989883637759619 0.9982341785071411 0.9968190327199209 0.9927711657623082 0.9851251417512433 0.9676818081486391
320 3200 0.030535806099736724 0 0.0007007649990375677 1.0000521515585064 0.9996326017363079 0.9986796400169997 0.9981912366858209 0.9976389185095427 0.9960128388010653 0.9904829424579713 0.9808350706230564
321 3210 0.03131816661610032 0 0.0018530083086718112 0.9996502453487898 1.000453426604241 0.9995283289727518 0.9996105457490418 0.9992377803424655 0.9996953691665608 0.9969846510220183 0.9912193204378454
322 3220 0.029808704081380685 0 0.000611643789905227 1.0002354185986009 0.9998920042003643 0.9993850016039514 0.998760750873238 0.9979047761827996 0.9952143160138722 0.9898572243040791 0.9779620510202185
323 3230 0.02659541064216309 0 0.0005504854170811254 1.0008157836816454 0.9999265076451601 0.9995878165287947 0.9989310130049053 0.997608705592934 0.9951377089870798 0.9904601922186314 0.9799420130170402
324 3240 0.023878787099871287 0 0.0008295611377942211 0.998695132457882 0.9994746009252667 0.9990482523209223 0.9978465489207712 0.996170492740394 0.9927286550346258 0.9863849031489409 0.9733469555099872
325 3250 0.020557463887653487 0 0.0005274808543952616 0.9993972684454093 0.9992312162294469 0.9985140950817212 0.997799905530083 0.9957082486033704 0.9918542195258423 0.9848046157030745 0.9697636334368245
326 3260 0.01914900469933641 0 0.00043270258568056 0.9998180364899776 0.9995096545761581 0.9996591492952759 0.9996520408861852 0.9982747570821241 0.9970810584170273 0.9928255312597939 0.9856166011023435
327 3270 0.01761641115375464 0 0.0003019583659685039 0.9997182171332092 0.9999354150501455 0.9998084388872863 0.9995318640303075 0.9996775646872078 0.9986061663710627 0.9962051222140749 0.9932219307059089
328 3280 0.017023472201770366 0 0.000295774126720462 0.9994779740398881 0.9996282644322512 0.9993006508480616 0.99934078996543 0.9991595016757948 0.9971880328982727 0.9942602268302707 0.9884818801438449
329 3290 0.01587471358020606 0 0.0002618081447640515 0.9992618556154372 0.9995920458120233 0.9998413102288175 0.9999444469908915 0.9997563754239511 1.0001323002161784 0.9996013469917847 0.9995587145412992
330 3300 0.014335338616136086 0 6.580024832141427e-05 0.9998922999550081 0.9997413613477272 1.0000724521375202 0.9998798775223063 0.9996438976036722 0.9988928050829147 0.9978149449413328 0.9957095039220728
331 3310 0.012786133885164211 0 8.435034451890084e-05 0.9999155524402742 0.9999960111080071 0.9996183835850836 0.9994777456698436 0.9991942666226016 0.99784912591198 0.9956014343174492 0.991319099067354
332 3320 0.011204389134872773 0 0.00012513088012694104 0.9995729620456986 0.999514412483226 0.999865656007991 0.9996564949421562 0.9995877543287363 0.9992533532712665 0.998024146470294 0.9958437629807481
333 3330 0.01016535027477539 0 0.00011130017156626398 0.9996798307991337 0.9996826425569647 0.9996401069998481 0.999561622821118 0.9989891703349842 0.9976525207749617 0.9950866931469002 0.9908035103191775
334 3340 0.010112157621505106 0 6.797964482548967e-05 1.0000509176516785 0.9999708224099301 0.9999251091297348 0.9997927198821217 0.9994319692448757 0.9993237745561764 0.9980357584339351 0.9961261951521381
335 3350 0.009896377803424169 0 8.410167621409612e-05 1.0002131521205089 1.0002325878292198 1.000113526495797 1.0003355077794926 1.0003937387774955 1.0006254638232004 1.0008110723923986 1.0010255864178796
336 3360 0.009215809760758928 0 6.967595089306218e-05 1.0002334981310923 1.0001304819944754 1.0000402128452823 0.9998322481752374 0.9992346218190414 0.9988986440989269 0.9979670494405467 0.9958128808709481
337 3370 0.008446449931713746 0 9.356609725440514e-05 0.9997599435095315 1.0001670968572467 1.0005065863279194 1.000524385205032 1.0008074222785035 1.0015136524603927 1.002806709321724 1.005744464263705
338 3380 0.0077268335039166235 0 7.51169445396563e-05 0.999880143256564 1.0001848874760724 1.0001955358832801 1.0001058132034844 1.0000962672288152 1.0004453309819155 1.000357645186282 1.0004100244246548
339 3390 0.007093897955186842 0 3.037925350860937e-05 0.999975159123822 1.00005296099806 1.000143605688309 0.9999962684594872 0.999811350788388 0.999660512847309 0.9990089606403041 0.9982716779580595
340 3400 0.0067099657306511915 0 5.034240174983051e-05 1.0002060801170762 1.0002821751709994 0.9999498278873377 0.9997032684199577 0.9994762965299413 0.9989838191578773 0.9980015756598701 0.9960976149870142
341 3410 0.00587539248545954 0 2.5644278446819327e-05 1.0000478026025053 1.0000281453250432 0.9998243321274354 0.9997066168557287 0.999444228006684 0.9989881836800524 0.997722983696879 0.9952213819825367
342 3420 0.005257218823889852 0 3.476341017575869e-05 1.0001169142078246 1.000033271866289 1.0001101031534236 0.9998870899744015 0.9997799065946721 0.9999050183267114 0.999578317814527 0.9992943668595943
343 3430 0.004950884621858845 0 1.8689735699493097e-05 1.0000632989428222 1.000051896610004 1.0002302334652742 1.0002232488534664 1.0003972600356872 1.0009839172283168 1.0018582645365675 1.0038280885739115
344 3440 0.004699257938588452 0 8.580245527790372e-06 0.999996126558201 1.0000667647067856 1.0000698980199405 0.9998971835998753 0.9998620348631702 0.9997155286265433 0.9994931842415189 0.9990578280114861
345 3450 0.004315972535205519 0 1.2183153472960714e-05 0.9998700168972623 0.9999699122795324 0.9999341148968592 0.9997626131357779 0.9995796644721673 0.9991815954740793 0.9985157054478232 0.997028746816201
346 3460 0.003796398935706434 0 7.5976415770428474e-06 1.0000058608867752 0.999969674028248 1.0000536137486062 0.99992468764625 0.9998776155754131 0.9998321005606736 0.9997344903817156 0.9993467481068051
347 3470 0.0033033194528971892 0 4.76690440004859e-06 1.0000669751738418 1.0000391301471037 0.9999978790210627 0.9998923850432602 0.9998285869684058 0.9995996902309778 0.9992883647027466 0.998612971160946
348 3480 0.0031342855145400322 0 6.003220094457342e-06 0.999999373439224 1.0000586944128922 0.999990121781797 0.9999188856266381 0.9998867824851398 0.9996451343712451 0.9993442722887526 0.9985947118840749
349 3490 0.0027222987614911884 0 8.490829596147392e-06 1.0000419870216832 1.0000015718470248 1.0000216449723112 0.9999363810708868 0.9998066322315635 0.9994910249357072 0.9990443586524734 0.9979135320552356
350 3500 0.002601575950279114 0 6.92368150189267e-06 1.0000454857891388 1.0000320892066303 0.9999839263400832 0.9999167859464531 0.99985715731138 0.9995266875304731 0.9991156379842125 0.9981499811427234
351 3510 0.0022885098742144562 0 4.785987806034725e-06 1.0000006583182754 1.0000618864697082 1.00002362214702 0.9999950595826333 1.000007762310803 0.99985112548354 0.9997579036899706 0.9995281669923576
352 3520 0.0021026319149158807 0 4.572896444634362e-06 1.0000551509875024 1.0000377084438639 1.000071456999434 1.0000239000787192 1.0000484951431579 0.9999763678518037 0.9998536051626347 0.9996678000497108
353 3530 0.0019827636287099866 0 2.715228769561432e-06 1.0000133578882762 1.000017605402874 0.9999941709890449 0.9999273848628806 0.9999131722237451 0.9997780269452083 0.9994537557182435 0.9988649287941884
354 3540 0.0018165159891800205 0 2.2951448812243895e-06 1.0000099230470243 1.0000351445531825 1.0000245396897498 0.9999387550646519 0.9999298503097485 0.9998450516192858 0.9996296014125938 0.9992701735411886
355 3550 0.002029304483905219 0 2.0882731513522332e-06 1.0000292378282072 1.0000468147257326 1.0000462070811875 1.0000148888620288 0.9999666852667941 0.9999270605202739 0.9998390141057296 0.999766714986823
356 3560 0.002003974171243369 0 1.8837098521589894e-06 1.0000133026795406 1.0000328450009086 0.9999728390749936 0.9999970390912285 1.0000166534245425 0.9999792368447624 0.999967814813456 0.9998725366742579
357 3570 0.0018214220000694027 0 1.7255835882894867e-06 1.0000034089689267 1.0000364078011699 1.000022844954066 1.000000957428601 0.9999991520715269 0.9999154377407575 0.9998343887103827 0.9996007542406675
358 3580 0.001901064409832976 0 9.367880233238412e-07 1.0000076902833732 1.0000351967570813 1.000028433862955 1.0000711294189961 1.0001572913377104 1.0002756160730522 1.000567119963926 1.0011077288887613
359 3590 0.0018581659628842553 0 9.274814317249041e-07 0.9999899065523434 1.0000161783351598 0.9999745384065071 1.0000009512036843 1.0000180658545055 1.000061220690305 1.0001016919522288 1.0002244382143646
360 3600 0.0018274773496175928 0 1.6132472719983614e-06 0.9999890579402226 1.0000379531484258 1.0000286026285066 1.0000532286158055 1.000030662202341 1.0001071730621025 1.0002075324979087 1.0004575039168744
361 3610 0.001666864591146127 0 1.2531142711762217e-06 1.0000344477154324 0.9999999099366143 0.999983525530349 0.9999830317978806 0.9999392734496314 0.9999184275602631 0.9997769041050544 0.9995268453585622
362 3620 0.0015265566509026194 0 1.0652858941379519e-06 1.0000346968522844 1.0000329204523195 0.9999889251405583 0.9999667036984149 0.9999467199773487 0.9998610664402526 0.9997423673075913 0.9995117750412017
363 3630 0.0013575241242361914 0 5.209561559302757e-07 1.0000025626389455 1.0000053570620835 1.0000148036904781 1.0000203820462183 1.0000409978333138 1.0000554558947399 1.0000659441978916 1.000179674143067
364 3640 0.001252437547230252 0 6.652931459334815e-07 1.0000336605764446 1.00004237774091 1.000032598870334 1.0000542066583704 1.0000906946740402 1.0002056358161977 1.0004028065901438 1.0008100772673956
365 3650 0.001085563618184891 0 4.916097746333138e-07 1.0000119605506377 1.0000235039339882 1.0000429091173817 1.000051703629807 1.0000537482799368 1.0000988694502173 1.000172530447714 1.00033603172934
366 3660 0.000998440071823645 0 3.305229408322952e-07 1.0000177814359523 1.0000240163719165 1.000036261275452 1.0000425359248315 1.0000606328435486 1.0001384912257807 1.000265451538895 1.0005194273809044
367 3670 0.0009844753063501504 0 2.1908784726766475e-07 1.0000187004241334 1.0000164873233166 1.0000110634104864 1.0000181395023127 1.0000476713459923 1.0001067985765506 1.0002073573021826 1.0003952653505475
368 3680 0.0008947307584814946 0 3.0330424830747283e-07 1.0000078155951173 1.0000079585613353 1.0000176849003104 0.9999953070876019 0.9999984488178923 1.0000243558770716 1.000070038257682 1.0001461038048505
369 3690 0.0008694549963191191 0 1.0899593457695632e-07 1.0000056665304922 0.9999985058941259 1.0000000712121877 1.0000018997118552 0.9999810160613833 0.9999491740026163 0.9999085621517151 0.9998204267202437
370 3700 0.0008333425968942075 0 9.354935879656842e-08 0.9999982618616873 1.0000003364868428 1.000001653980137 1.0000113917309583 1.0000191649149008 1.0000103450278948 1.0000182596115428 1.000043080119477
371 3710 0.0007749968533378328 0 1.594457635615864e-07 0.9999918669726688 0.9999910405262922 0.9999902921086844 1.0000005424870178 0.9999755997865398 0.9999517565875665 0.999887337923237 0.9997723994017736
372 3720 0.000701186442463071 0 9.705322151828897e-08 1.0000058478198859 1.000000596776992 0.9999921619948434 0.9999970767535092 0.9999815045501099 0.999965349802834 0.9999365268016371 0.9998544305173666
373 3730 0.0006225140255471612 0 7.176651657108015e-08 1.0000094413474123 1.0000024327794244 1.000002176379131 1.0000090685357816 1.0000083206909336 1.0000074640059573 1.0000083144052554 1.0000303948609368
374 3740 0.0005829126688276699 0 7.545711915276513e-08 1.0000116824331509 1.000005492377533 1.0000098819514134 1.0000118329629262 1.0000229039498871 1.000028025383384 1.0000561080664545 1.0001098575354554
375 3750 0.0005124853934425886 0 8.041890116645338e-08 1.0000079044565344 0.9999992936613742 0.9999964446125522 1.00000630382229 0.9999949875274368 0.9999914883547842 0.9999801085660706 0.999964669328075
376 3760 0.00045535339379019325 0 3.5595928761791006e-08 1.0000030880753021 1.0000014025264499 1.0000038886942477 1.0000135217682224 1.0000138069109192 1.0000326009412446 1.000058169933351 1.0001153496051576
377 3770 0.00040978583486955323 0 4.368371892325358e-08 1.000006743345103 1.0000011581311663 0.999999690794672 1.0000027442974946 1.0000138613013574 1.00003409730744 1.0000621670084047 1.0001161635402092
378 3780 0.0003760374621174128 0 4.417195682271835e-08 1.0000083053878057 1.0000032240393597 0.9999979224750032 0.9999999152353405 0.9999951177123235 0.9999970286228631 1.0000032928838898 1.0000023040137138
379 3790 0.0003477898512084145 0 2.6511569991995216e-08 1.0000041387584002 0.9999999478354604 0.9999989817452518 0.9999950289048987 0.9999974000028914 1.000002530988392 1.0000006152705154 1.0000084604677941
380 3800 0.0003172354849397779 0 2.0812079954643093e-08 0.9999998004632286 0.9999992764753204 0.9999984518948433 1.0000025864733895 1.000009897641302 1.0000266934829236 1.000049732070265 1.000091752461196
381 3810 0.0002764980894412199 0 8.982837664282247e-09 1.0000022203338346 1.000000097216388 0.9999980801317233 0.9999987876537586 0.9999992475006425 0.9999954021959256 0.999985974657331 0.999976598813374
382 3820 0.0002624460541370981 0 1.309634860739039e-08 1.0000030256067185 0.9999998163943673 1.0000040967658919 1.0000060254470435 1.0000060051476973 1.0000157122154587 1.0000294629218751 1.0000578194813126
383 3830 0.0002514466271413216 0 1.4160333378385002e-08 1.000000166489693 1.0000004450684385 1.000002387801889 1.0000107331231505 1.0000169273514705 1.0000336833995882 1.0000620806934395 1.0001230222750586
384 3840 0.00023857605115443822 0 1.1492861750627645e-08 0.9999961359397178 0.9999980420876741 0.9999989015127807 1.000003727740749 1.0000067340106018 1.00000947277409 1.000014762101374 1.0000286639956082
385 3850 0.00021075670847994974 0 4.371027038405511e-09 0.9999991220086317 0.9999988906249224 0.9999999366797075 1.0000032554747436 1.0000042446787072 1.0000111049106266 1.0000208216422009 1.0000389182187477
386 3860 0.0001919018157758368 0 9.280734885515636e-09 0.9999981095935466 0.9999983685035444 1.0000003923397132 1.0000057017542412 1.0000093203075633 1.0000211255106963 1.0000386492697468 1.0000747504118102
387 3870 0.0001790436133742755 0 8.670741572218622e-09 0.9999986182456515 0.9999966679966388 1.0000003288876638 1.0000031528337634 1.0000096178106537 1.0000179743065976 1.000036749021422 1.0000730923327805
388 3880 0.00016992069736109788 0 9.354334359799669e-09 1.00000091347766 0.9999985990432031 1.0000001675196117 1.0000011503090187 1.0000034171673287 1.000012695682565 1.0000246083231885 1.0000437766056212
389 3890 0.0001617833476039678 0 6.927822888687099e-09 1.0000031800208218 1.000000518466539 1.0000006494994382 1.0000021264332188 1.0000084525709638 1.000015958036949 1.0000321808849602 1.0000629684045552
390 3900 0.00014851305187239542 0 4.9915065717183996e-09 1.0000005214360366 0.9999980438668199 0.9999982359264519 0.9999974885521815 0.9999978770495174 1.0000007636916646 1.0000012123179793 1.0000012134462055
391 3910 0.00013451246673353603 0 5.299274538510841e-09 0.9999983072185912 0.9999984668694379 0.9999990655726433 1.000000652483966 1.0000012203084248 1.0000052756579494 1.0000098342724288 1.0000143043990473
392 3920 0.00012399773900486014 0 4.157873119572767e-09 0.9999996137320015 0.9999977463641633 0.9999974245894384 0.9999967172737538 0.9999958947158583 0.9999965999452827 0.9999938631347827 0.9999864445109893
393 3930 0.0001190502923360907 0 2.627157274877633e-09 0.9999984375993689 0.9999987545264107 0.9999983254353759 0.9999973884985811 0.9999975021748 0.9999968356562162 0.9999961648077456 0.9999903083232666
394 3940 0.00011206470445480054 0 3.914374296620134e-09 1.0000009425480816 0.9999978323008866 0.999999175750318 0.9999994450987972 0.9999997469056503 0.9999975354739061 0.9999971066416198 0.9999936930988963
395 3950 0.0001047240968941435 0 1.9525586915714722e-09 1.0000012105568852 0.9999999032707523 1.0000010753183728 1.0000026674322637 1.0000065288621338 1.0000130863519185 1.0000259196944952 1.000052769624666
396 3960 0.0001013411896667142 0 1.094572269279101e-09 1.0000006352614994 0.9999994836558355 0.9999993424522177 0.9999999083067044 1.0000015710679087 1.0000022520674743 1.0000031691903388 1.0000058130244731
397 3970 0.00010206873948249764 0 5.080424329542202e-10 1.0000006729483464 1.000000347530125 1.0000004728758796 1.0000001325021537 1.0000017510044872 1.0000038712901105 1.000007256861183 1.0000142360185889
398 3980 9.376411736724238e-05 0 8.066203738842173e-10 0.9999998645157618 0.9999988727448523 0.9999983320213893 0.9999975929887805 0.9999968920898309 0.9999938937832333 0.9999886903289031 0.9999766451805686
399 3990 8.997855445349977e-05 0 8.491763801854236e-10 1.0000003574534186 1.0000003187747077 0.9999998382142898 0.9999996611960528 0.9999986641696479 0.9999997011680558 0.9999993768152353 1.0000000205694979
400 4000 8.758586620405311e-05 0 1.3009171472415857e-09 0.9999993448000372 1.0000002888119601 1.000000395609189 0.999999193997052 0.9999967813188643 0.9999946120792085 0.9999877180844715 0.9999754071628378
401 4010 8.34329795635207e-05 0 1.1880599054649268e-09 0.9999995983111539 1.0000001747449987 0.9999990956239814 0.9999986944592701 0.999998616681654 0.9999987941614362 0.9999954808177227 0.9999916312520563
402 4020 7.670612782508586e-05 0 9.285938363062196e-10 1.0000008499230708 1.0000002608505045 0.9999997166587762 0.9999986953796806 0.9999982029230227 0.9999965213234353 0.9999909995305949 0.9999824305919336
403 4030 7.294037648148287e-05 0 5.409002299993857e-10 1.0000007108941327 1.0000003354919984 1.000000657382098 0.9999998578642071 0.9999986766717136 0.9999968722753563 0.9999940191330143 0.9999885241120267
404 4040 7.187451965406577e-05 0 8.237851386884231e-10 1.0000009882993925 1.0000000143152659 1.0000006546386078 1.0000011981963888 1.0000025187530932 1.0000033415817682 1.0000059799958616 1.0000121506433968
405 4050 7.052029367199301e-05 0 1.1926556970992178e-10 1.0000003576145626 0.9999999606769807 1.0000002029829451 1.0000002562579864 1.0000003144773293 1.0000001104620824 1.0000006069668705 1.000000974480244
406 4060 6.158480597026824e-05 0 6.598249283812954e-10 1.000000103669454 1.0000010361451779 1.0000013659235152 1.0000021055791406 1.0000036400135794 1.0000070127310532 1.0000128454598063 1.0000266301256358
407 4070 5.537296628506749e-05 0 5.321701910518677e-10 1.0000007094975858 1.0000005294543097 1.0000007042904326 1.0000004958696322 1.0000011581319193 1.0000023458794998 1.0000044706765623 1.000010733190038
408 4080 5.3330533007176135e-05 0 3.255024962391099e-10 1.0000001848282838 1.0000009057581176 1.0000006711910172 1.0000015211581963 1.000002394772814 1.000004590550278 1.0000091660070483 1.0000185102632178
409 4090 5.127965456805603e-05 0 2.2084776419693864e-10 1.0000002859912247 0.9999998170050357 0.9999997845472299 1.0000002118946398 0.9999998435633349 0.9999995931051521 1.000000004725213 1.000000437466776
410 4100 4.6839199819151e-05 0 2.312707994789208e-10 0.9999997315047183 1.0000003653326575 1.0000001475157914 1.0000003542735885 1.0000004209122912 1.0000001193070445 1.0000005510173926 1.0000017684491738
411 4110 4.075663763424715e-05 0 2.099942065217967e-10 0.9999996892127178 1.0000001956085456 1.0000000696181337 1.0000002262052698 1.0000004258535125 1.0000005230687785 1.0000002162546096 1.0000011514139608
412 4120 3.6893019770735756e-05 0 1.2472826266058932e-10 0.999999764882152 0.9999997275729245 0.99999955646582 0.9999998274353035 0.9999994654744211 0.9999984126275898 0.999997144136948 0.9999946981444044
413 4130 3.4442131647875604e-05 0 1.1943191354532002e-10 0.9999998295604237 0.9999998988765048 1.0000002614216317 1.00000033278348 0.9999997645168223 0.9999993900942432 0.999998840899044 0.9999978577268429
414 4140 3.0809959341749747e-05 0 1.4793427445912174e-10 0.9999998662324009 0.9999994301306983 0.9999997501619877 0.9999997125501362 0.9999992135435912 0.999997933848116 0.9999958942791896 0.9999915888128132
415 4150 2.6825543034878784e-05 0 4.9491934173550784e-11 0.9999999120667655 1.0000000875019228 0.9999997806171439 0.9999998790473758 0.9999997439347462 0.9999993864410675 0.9999987391241498 0.9999978474148505
416 4160 2.4934867957218456e-05 0 4.405013333402557e-11 1.0000000956318076 1.0000001974504515 1.0000000874850594 1.0000000086050254 0.9999999952219797 0.9999998823918298 0.9999993879256812 0.9999991754227664
417 4170 2.2849320509306105e-05 0 6.486729608010023e-12 1.0000000135968161 0.999999993893732 1.0000000861761422 1.00000005584825 0.9999999926376024 1.0000000803979816 1.0000002275977131 1.0000005653235342
418 4180 2.057225602204748e-05 0 2.211067327419676e-11 1.0000000828358915 0.9999999655190674 1.0000001057171932 1.0000002018071512 1.0000003444963135 1.000000678213273 1.0000011534641942 1.0000026000922784
419 4190 1.946775305921734e-05 0 2.452191001628151e-11 1.0000000371008064 1.0000002334593936 1.000000300199652 1.0000003157659483 1.000000378161494 1.0000006321626775 1.0000011792305021 1.0000024074691378
420 4200 1.8505804941868222e-05 0 3.862565639563647e-11 1.0000000630492543 0.9999999638398024 1.0000002039518687 1.0000002244256874 1.0000000394520145 1.0000002418051337 1.0000004066386494 1.000001029246314
421 4210 1.961901978605701e-05 0 2.942074200355829e-11 1.000000086505658 1.000000116878693 0.9999999315298027 0.9999998758945613 0.9999995452094331 0.9999990600968827 0.999998439722837 0.9999967445484965
422 4220 1.8791596735762583e-05 0 2.0727913127900372e-11 1.0000001254142332 1.000000184208972 1.0000001417812208 1.000000197561218 1.0000001472498994 1.0000002954801879 1.0000008481924 1.0000016121338753
423 4230 1.9362245994523595e-05 0 3.590018715253164e-11 1.0000001633605191 1.0000002356987976 1.0000002459319608 1.0000002406037956 1.0000004334995698 1.0000008586355957 1.000001846411089 1.0000032776422751
424 4240 1.7471115355515087e-05 0 3.5145367321084576e-11 1.0000002406628066 1.0000002606617915 1.0000003162808004 1.0000003720671526 1.000000563144037 1.0000012749510596 1.0000027390393198 1.0000055424117076
425 4250 1.701615867644802e-05 0 3.584627272716325e-11 1.0000001932498013 1.0000002763867866 1.000000211885512 1.0000004046114803 1.0000006015680483 1.000001122793212 1.0000025105761943 1.0000051869678306
426 4260 1.534910717358262e-05 0 3.5127557843803315e-11 1.0000001395350238 1.0000001371721559 0.9999999967484875 1.0000000805128633 1.0000001298155496 1.0000003628844243 1.0000011860042797 1.0000022879964683
427 4270 1.3690083583606536e-05 0 2.5740661992806395e-11 0.9999999790931696 1.0000002333240627 1.0000001564981162 1.0000001677292216 1.0000001843319248 1.0000004990254743 1.0000010725693063 1.0000022052632875
428 4280 1.3404663736026502e-05 0 9.724033078464099e-12 0.9999999300488269 1.0000000535706093 1.0000000675585645 1.0000001930901012 1.0000002983577168 1.0000007102297217 1.0000014828721426 1.0000030101052768
429 4290 1.3301344420246792e-05 0 6.91087741191567e-12 0.9999999946075745 1.0000000397019044 0.9999999913255027 0.9999999924570114 0.9999998868965584 0.9999999387970419 1.0000000090089491 0.9999999515440904
430 4300 1.2911817994319755e-05 0 9.875216250207472e-12 0.999999981673981 1.0000001170430142 1.0000000412434475 1.0000001671990664 1.000000310868671 1.0000006691158503 1.0000012659685182 1.000002502991073
431 4310 1.227404354321338e-05 0 1.2041539016331697e-11 1.0000001053849976 1.000000064594865 0.9999999635984561 1.0000000707949512 1.0000001074798186 1.0000002732607356 1.0000007425550537 1.0000014473822756
432 4320 1.1453501228831801e-05 0 7.899387297245978e-12 0.9999999075488478 0.9999999621290896 0.9999999089180995 0.9999999336388345 0.9999999418319446 0.9999999928647154 1.0000001396604925 1.0000003251024536
433 4330 1.1081546245471928e-05 0 5.278755934211086e-12 0.9999999117605193 0.9999999568324941 0.9999999712353269 0.999999886715136 0.9999997804167166 0.9999997121972124 0.9999994501819253 0.9999988803332114
434 4340 1.0340041393380249e-05 0 9.00037950392286e-12 0.999999910899451 0.9999999046970347 0.9999999465652762 0.9999999577869199 0.9999999854378304 0.9999999932149188 1.0000001317976015 1.0000000813025105
435 4350 9.949662344124673e-06 0 4.454550999012435e-12 0.9999999981577287 0.9999999705779093 0.99999994932792 0.9999999213584407 0.9999999191622371 0.9999998713609802 0.9999998067350857 0.9999994357981377
436 4360 9.858015367398624e-06 0 1.3543325895687351e-12 0.9999999685377409 0.9999999748980918 0.9999999892387889 0.9999999854555747 1.0000000444636565 1.0000001132108436 1.0000001765131332 1.0000003137979998
437 4370 8.740649369407961e-06 0 2.2412056823141703e-12 1.0000000291369722 0.9999999729429178 1.000000031839998 1.000000044600584 1.0000000539501475 1.0000001225778392 1.000000307647596 1.0000005862512231
438 4380 8.255975364935465e-06 0 3.5955700028934182e-12 0.9999999774042407 0.9999999815006023 1.0000000794447226 1.0000000512105414 1.0000000292717501 1.0000000371340523 1.0000001369617697 1.000000280396136
439 4390 7.669099239940044e-06 0 3.470230135808773e-12 0.9999999710175419 0.9999999157365526 0.9999999540015475 0.9999999007419662 0.9999998084140549 0.9999996742045442 0.9999994424832881 0.999998929899324
440 4400 6.687423912527052e-06 0 1.1517254165414477e-12 0.9999999623997412 0.9999999606287902 0.9999999978183627 0.999999993512773 1.0000000081762217 0.9999999856040371 0.999999939896326 0.9999998359151344
441 4410 6.854758648303981e-06 0 2.4290190256444516e-12 0.9999999367159234 0.9999999745046665 0.9999999991921324 1.000000027630695 0.9999999613362779 0.9999999239610696 0.9999998512531412 0.9999997414666986
442 4420 6.626003345761303e-06 0 8.627987667146806e-13 1.0000000111907874 1.0000000262282365 1.0000000199079866 1.0000000068391248 0.9999999478564606 0.9999999185408286 0.9999998162721987 0.9999996596736084
443 4430 5.799043569583774e-06 0 1.6878420977338856e-12 0.9999999880958365 1.0000000031884912 1.0000000262329778 1.0000000256328652 1.0000000817383095 1.0000001034135384 1.0000001130912872 1.0000002635475755
444 4440 4.904665692911363e-06 0 9.250889920361331e-13 0.9999999910454024 0.9999999763125906 1.0000000165772243 0.9999999767915282 0.9999999715722271 0.9999999134894636 0.9999998100960488 0.9999996223588475
445 4450 4.198453389352002e-06 0 2.877890928261595e-13 0.9999999887480214 0.9999999704027572 0.999999984067061 0.9999999822036815 0.9999999643897454 0.9999999215676373 0.999999825484507 0.9999996508430102
446 4460 3.890329446272964e-06 0 1.7236149602288582e-13 1.0000000093915846 1.0000000187269154 1.000000003535773 0.9999999979777285 0.9999999791387488 0.9999999519711692 0.9999999028484019 0.9999998120491836
447 4470 3.426271532657211e-06 0 2.2009195410762626e-13 0.9999999965060586 0.9999999892365908 1.0000000113596244 0.9999999984189346 1.0000000116030117 1.0000000336506554 1.0000000778673273 1.0000001557787963
448 4480 2.9368754831454935e-06 0 2.2459353311869748e-13 1.000000000613228 1.000000012277092 1.0000000167938101 1.0000000223218348 1.000000028949173 1.0000000406542497 1.0000000448007256 1.0000000871744446
449 4490 2.813691382845671e-06 0 2.906600810848123e-13 0.9999999971850285 1.000000001184226 0.9999999726844268 0.9999999675517415 0.9999999681560375 0.9999999443112256 0.9999998978585432 0.9999998047513607
450 4500 2.378429391907198e-06 0 1.2510812918352614e-13 0.9999999864435164 0.9999999976832349 0.9999999980678141 0.9999999955248986 0.99999999435027 0.9999999673835602 0.9999999270743389 0.9999998480000516
451 4510 2.198362636149241e-06 0 1.5446776753751902e-13 1.0000000054652207 0.9999999927345153 0.9999999995503971 1.0000000023673479 0.9999999965437413 1.0000000164893517 1.0000000482423077 1.0000000850864774
452 4520 2.0601630212830926e-06 0 1.2699428716692452e-13 1.0000000062286625 1.0000000063200272 1.0000000037862944 1.0000000055149492 1.0000000142869316 1.000000043587605 1.0000001127185163 1.0000002360126266
453 4530 1.789070817534235e-06 0 5.76793538543042e-14 1.000000002113849 1.0000000006182592 1.0000000082242688 1.0000000131742646 1.0000000276347745 1.0000000605594574 1.0000001217617267 1.0000002268161572
454 4540 1.701800071009033e-06 0 9.09551774472679e-14 0.9999999983145555 1.0000000032435397 1.0000000068433499 0.9999999882055652 0.9999999717591586 0.9999999471841243 0.9999998994504956 0.9999998029645116
455 4550 1.6045454498381114e-06 0 1.436233651596658e-13 1.0000000026275242 1.0000000093937913 1.0000000228688621 1.0000000206604214 1.000000029267565 1.0000000527234583 1.0000000842213952 1.0000001735663433
456 4560 1.4024518647296257e-06 0 8.502960792536369e-14 1.0000000007031433 0.9999999976850606 1.0000000109489284 1.0000000076302693 1.0000000064649428 1.0000000245041327 1.000000054987628 1.0000001202030833
457 4570 1.369676967618598e-06 0 5.530322539973646e-14 1.0000000015021282 0.9999999970850005 0.9999999971296065 1.0000000008836876 0.9999999874199451 0.999999985278949 0.9999999618778899 0.9999999162254333
458 4580 1.3197218105764825e-06 0 5.936314441060054e-14 1.0000000017266228 0.9999999964345222 0.9999999986414417 0.9999999980031985 0.9999999954413347 1.0000000035929353 0.999999997944569 0.9999999796822472
459 4590 1.1748139940768798e-06 0 4.117894730034631e-14 0.9999999958041893 1.0000000008110665 0.9999999994702128 1.0000000021149176 1.0000000017710808 1.0000000112307537 1.000000016934046 1.0000000192979634
460 4600 1.0488808842801436e-06 0 5.6092833197404873e-14 0.999999998180045 1.000000000591313 1.000000001092409 0.9999999976869176 0.9999999911103087 0.9999999989122226 0.9999999864292214 0.9999999631939949
461 4610 9.194927840918823e-07 0 4.510388045078214e-14 1.0000000042160984 0.999999999883451 1.0000000024328837 0.9999999962507912 0.9999999788287762 0.9999999637101685 0.9999999297116763 0.9999998600304904
462 4620 8.235857248332422e-07 0 4.047932699790942e-14 1.000000007724593 1.0000000039348222 1.0000000066946284 1.0000000085983656 1.000000014379222 1.0000000358101686 1.0000000706231262 1.0000001301776889
463 4630 8.349145049796357e-07 0 1.373396281064075e-14 1.0000000039358918 1.000000003477299 1.000000003132715 1.0000000037310792 1.000000008870903 1.0000000227295516 1.0000000515469611 1.0000001032860395
464 4640 8.409501394961179e-07 0 1.3017355392194553e-14 1.0000000032028222 1.0000000054093348 1.000000005297128 1.0000000070322725 1.0000000144627348 1.0000000314969335 1.000000060914755 1.0000001168673147
465 4650 8.815884598777822e-07 0 7.85832493904382e-15 0.9999999985889448 0.9999999966329624 0.9999999973550621 0.9999999931487886 0.9999999880992724 0.9999999764320516 0.9999999482753406 0.9999998959404998
465 4650 8.815884598777822e-07 0 7.85832493904382e-15 0.9999999985889448 0.9999999966329624 0.9999999973550621 0.9999999931487886 0.9999999880992724 0.9999999764320516 0.9999999482753406 0.9999998959404998
